4.316847	
4.588361	4.351757	4.142662	3.840244	4.049270	
4.358208	4.272849	4.111285	3.801385	3.956054	
4.193827	4.220880	4.112535	3.750693	3.798313	
4.067867	4.153120	4.083687	3.704993	3.612449	
4.057463	4.092874	4.055572	3.650329	3.348029	
3.051908	2.894882	2.554163	2.366961	2.216787	
3.010502	2.804547	2.552279	2.256200	2.123689	
2.878311	2.754310	2.415172	2.144319	2.079390	
2.799143	2.682788	2.379721	2.084867	1.990743	
2.893501	2.727798	2.428783	2.132382	2.009572	
2.885384	2.734213	2.403528	2.179729	2.040068	
2.778368	2.652057	2.301949	2.110945	1.926725	
2.815446	2.659650	2.361522	2.063411	1.971529	
2.905502	2.776202	2.507740	2.240281	2.090622	
2.815648	2.666930	2.380201	2.128368	1.990759	
2.816719	2.667633	2.395718	2.147436	2.029423	
2.829853	2.686764	2.394105	2.085902	2.043350	
1.530011	0.979617	0.834480	0.229902	0.029564	
1.497346	0.979472	0.863225	0.185689	-0.003156	
1.497061	0.958444	0.791664	0.138185	-0.051010	
1.540016	1.009802	0.818727	0.200290	0.020094	
1.495226	0.987631	0.803669	0.189583	-0.013230	
1.617070	1.039164	0.846173	0.283295	0.073756	
1.711775	
1.784467	1.737219	1.654924	1.546124	1.636554	
1.727399	1.703160	1.652568	1.537277	1.597554	
1.628650	1.660837	1.629304	1.515914	1.533817	
1.585627	1.629443	1.624788	1.495564	1.460355	
1.582273	1.603370	1.614120	1.477181	1.368059	
0.732560	0.722152	0.577645	0.529272	0.487598	
0.722298	0.689502	0.612723	0.523125	0.486881	
0.797735	0.770052	0.657739	0.581562	0.550715	
0.819707	0.789877	0.674687	0.593823	0.562472	
0.847430	0.815312	0.706859	0.612940	0.582840	
0.785140	0.767658	0.670981	0.577860	0.520724	
0.852182	0.827172	0.709004	0.626148	0.594140	
0.896730	0.833180	0.713129	0.629996	0.585564	
0.831242	0.749846	0.660803	0.568026	0.549498	
0.830867	0.794337	0.661870	0.567061	0.551873	
0.827353	0.789511	0.703166	0.601367	0.565450	
0.813944	0.792505	0.669070	0.610720	0.573522	
1.028220	0.862581	0.815726	0.633511	0.586664	
1.007930	0.834972	0.807383	0.625503	0.569340	
1.031387	0.881052	0.834472	0.637291	0.602218	
1.013759	0.829655	0.812973	0.634050	0.582890	
1.007283	0.870883	0.828764	0.662748	0.601671	
1.042004	0.864284	0.816025	0.622820	0.587430	
3.868198	
4.065810	3.863114	3.686426	3.374854	3.564255	
3.855421	3.798560	3.662678	3.374138	3.499428	
3.724145	3.746325	3.654066	3.325928	3.349980	
3.609195	3.670932	3.636751	3.281040	3.167719	
3.612212	3.627230	3.595377	3.231015	2.929830	
2.524633	2.420456	2.159543	1.914791	1.749611	
2.514871	2.420557	2.183874	1.964185	1.845500	
2.534763	2.383264	2.145218	1.889382	1.790437	
2.451967	2.335736	2.114004	1.843043	1.745771	
2.578130	2.430815	2.125008	1.975240	1.850719	
2.471928	2.341572	2.120173	1.853970	1.772817	
2.531385	2.350817	2.085883	1.879015	1.759922	
2.617633	2.489313	2.199436	1.990595	1.832421	
2.708781	2.518808	2.227260	2.002084	1.946088	
2.589916	2.452067	2.190292	1.931565	1.815763	
2.499253	2.332767	2.019078	1.805445	1.746748	
2.515415	2.423790	2.124297	1.913050	1.813898	
1.318312	0.831809	0.723389	0.182961	0.045171	
1.327653	0.895739	0.775744	0.247982	0.063171	
1.373233	0.887747	0.765865	0.283452	0.086891	
1.311427	0.884068	0.760577	0.224706	0.051120	
1.357955	0.853869	0.768009	0.234215	0.041978	
1.332253	0.834697	0.717330	0.184409	-0.008246	
2.200242	
2.343502	2.223445	2.101204	1.956571	2.062947	
2.215847	2.187763	2.095226	1.937960	2.015917	
2.139932	2.150770	2.092833	1.911756	1.926464	
2.085512	2.115118	2.079594	1.884850	1.825745	
2.067916	2.092289	2.066331	1.861903	1.697176	
1.630081	1.540011	1.366057	1.230781	1.130550	
1.643366	1.526283	1.279357	1.224103	1.131393	
1.624686	1.552594	1.339761	1.202580	1.103524	
1.609603	1.555463	1.337349	1.169992	1.114762	
1.549597	1.458235	1.287570	1.130467	1.098634	
1.573738	1.527737	1.304154	1.137955	1.095500	
1.596675	1.522731	1.379596	1.132684	1.104155	
1.556838	1.436828	1.276076	1.140674	1.081819	
1.427773	1.332650	1.196898	1.055531	0.950658	
1.517175	1.423249	1.243293	1.115075	1.051974	
1.618680	1.503417	1.369620	1.211939	1.119525	
1.526453	1.440381	1.256850	1.149296	1.079934	
0.700231	0.403698	0.329062	-0.019907	-0.157005	
0.659716	0.351058	0.276563	-0.049029	-0.158110	
0.656306	0.345700	0.291800	-0.042824	-0.154111	
0.650015	0.388455	0.309383	-0.053174	-0.127664	
0.658757	0.370167	0.323708	-0.012089	-0.126053	
0.726582	0.408405	0.339950	-0.029263	-0.126341	
1.627647	
1.705640	1.646916	1.549874	1.405426	1.486555	
1.638792	1.615255	1.536993	1.400453	1.444545	
1.575532	1.575078	1.536796	1.378251	1.382335	
1.517303	1.559837	1.525966	1.359073	1.311801	
1.517779	1.537268	1.510705	1.337995	1.198681	
1.352562	1.303171	1.180906	1.071364	0.978343	
1.195161	1.137928	1.022556	0.929178	0.866724	
1.227121	1.183978	1.058544	0.937398	0.911635	
1.254121	1.167641	1.057526	0.968782	0.895469	
1.187164	1.154328	1.026128	0.937605	0.872573	
1.205870	1.125435	0.998694	0.895801	0.843489	
1.192570	1.107845	1.036180	0.912675	0.872988	
1.203076	1.133843	1.045338	0.925114	0.866856	
1.172156	1.122876	1.004337	0.891133	0.856378	
1.181467	1.132721	1.026949	0.921304	0.859271	
1.181411	1.138743	0.981639	0.897978	0.862449	
1.180950	1.138670	1.002996	0.944672	0.878157	
0.410891	0.153900	0.128491	-0.126402	-0.217050	
0.414487	0.167568	0.097850	-0.144946	-0.236579	
0.388441	0.157543	0.086892	-0.130491	-0.254445	
0.331362	0.132164	0.052585	-0.171974	-0.294277	
0.373083	0.131080	0.069284	-0.173723	-0.270153	
0.348692	0.136229	0.056626	-0.202429	-0.279625	
2.140578	
2.266589	2.150597	2.036116	1.870862	1.973370	
2.158080	2.112407	2.032811	1.861156	1.938020	
2.079093	2.073976	2.021366	1.839850	1.850628	
2.016838	2.053694	2.011818	1.815548	1.750499	
2.006731	2.028667	1.997906	1.779153	1.629727	
1.559274	1.509311	1.333203	1.184762	1.075829	
1.624417	1.561638	1.351364	1.191790	1.165693	
1.501325	1.443499	1.263354	1.121902	1.017639	
1.550314	1.426841	1.298135	1.136788	1.034616	
1.485506	1.395779	1.256469	1.091524	1.023747	
1.546275	1.477482	1.288221	1.097003	1.101848	
1.502458	1.425889	1.233042	1.100722	1.024602	
1.455722	1.387406	1.216205	1.061348	1.005712	
1.493685	1.375802	1.201705	1.089622	0.986766	
1.528781	1.420509	1.284722	1.141987	1.036445	
1.503717	1.436785	1.246798	1.147108	1.049066	
1.450797	1.370139	1.209349	1.133918	1.007272	
0.684168	0.388116	0.308483	-0.031212	-0.147553	
0.637792	0.326563	0.259837	-0.085791	-0.173053	
0.639766	0.346335	0.308084	-0.031317	-0.156200	
0.680893	0.376146	0.309732	-0.008857	-0.138483	
0.640742	0.348135	0.296566	-0.069082	-0.157873	
0.679807	0.379017	0.297922	-0.018030	-0.146296	
1.517966	
1.606097	1.520444	1.447929	1.312809	1.382810	
1.538425	1.508975	1.436464	1.309882	1.356792	
1.480401	1.482805	1.428486	1.282079	1.284831	
1.413117	1.451567	1.419632	1.271893	1.215511	
1.431447	1.434076	1.412247	1.249166	1.113858	
1.129749	1.040720	0.974226	0.859163	0.811489	
1.118481	1.060996	0.919685	0.838768	0.775336	
1.116605	1.067264	0.927891	0.854672	0.809170	
1.126036	1.035784	0.914647	0.815202	0.764584	
1.115043	1.069444	0.956266	0.845985	0.792855	
1.086453	1.034381	0.922725	0.831773	0.786882	
1.134765	1.036078	0.962387	0.861805	0.801614	
1.155291	1.080644	0.975082	0.868730	0.821409	
1.120925	1.060779	0.923381	0.824990	0.781019	
1.104934	1.047455	0.905433	0.821620	0.781330	
1.087288	1.026755	0.892975	0.818758	0.755085	
1.122839	1.048086	0.937469	0.832423	0.763603	
0.414725	0.218460	0.150372	-0.082009	-0.171843	
0.388329	0.192164	0.158614	-0.061655	-0.162941	
0.412803	0.195974	0.155213	-0.088537	-0.173698	
0.410402	0.201177	0.135069	-0.080691	-0.176476	
0.388774	0.179885	0.109254	-0.114481	-0.184948	
0.320241	0.126218	0.050791	-0.189210	-0.253093	
0.751803	
0.802281	0.747880	0.727662	0.687332	0.726101	
0.762526	0.746655	0.727361	0.681040	0.711423	
0.739296	0.739646	0.722110	0.675212	0.683379	
0.714633	0.729795	0.720271	0.661717	0.653511	
0.714603	0.715425	0.712626	0.657660	0.611917	
0.467198	0.432202	0.378649	0.336863	0.318008	
0.401804	0.368098	0.327368	0.276165	0.247322	
0.415888	0.401395	0.364578	0.317651	0.293943	
0.407398	0.383530	0.325675	0.288864	0.267613	
0.374260	0.343472	0.272870	0.248698	0.251111	
0.429064	0.398600	0.381785	0.310905	0.300122	
0.433197	0.411528	0.359173	0.322824	0.279887	
0.372070	0.363379	0.316285	0.277789	0.254340	
0.407158	0.389129	0.314376	0.306778	0.275701	
0.401530	0.359011	0.317958	0.288838	0.265049	
0.398733	0.376070	0.334449	0.288087	0.262585	
0.395712	0.384622	0.319291	0.287926	0.271179	
0.409129	0.315025	0.300192	0.193545	0.156610	
0.394151	0.309234	0.285338	0.175010	0.144628	
0.395367	0.318695	0.286851	0.201072	0.176235	
0.406557	0.324782	0.297607	0.188291	0.150907	
0.402105	0.343249	0.306491	0.198515	0.166255	
0.449798	0.344555	0.345688	0.238865	0.203210	
1.276444	
1.377495	1.286212	1.221404	1.131609	1.196813	
1.300339	1.264291	1.216867	1.127795	1.167254	
1.244653	1.252412	1.210800	1.107271	1.118868	
1.201179	1.231595	1.208268	1.095772	1.062352	
1.216368	1.220622	1.202679	1.074589	0.973534	
0.930055	0.885512	0.785294	0.701191	0.654484	
0.863606	0.832381	0.741676	0.660326	0.591189	
0.923674	0.834910	0.751644	0.697447	0.609987	
0.958846	0.888949	0.814489	0.707109	0.662840	
0.875420	0.828203	0.732990	0.675291	0.618452	
0.950049	0.858042	0.773206	0.705254	0.661206	
0.848252	0.811319	0.730994	0.628185	0.608934	
0.888872	0.827911	0.717924	0.648845	0.603224	
0.877597	0.824845	0.715919	0.638485	0.615027	
0.865576	0.835191	0.735237	0.649135	0.619682	
0.879188	0.834820	0.762771	0.661447	0.615193	
0.900334	0.833574	0.735631	0.654614	0.631183	
0.430036	0.244940	0.193624	0.008768	-0.042630	
0.414257	0.256353	0.185953	0.013883	-0.046049	
0.383644	0.222528	0.174888	-0.031215	-0.062142	
0.401400	0.225801	0.187849	-0.019103	-0.073614	
0.415248	0.259906	0.188788	0.003920	-0.059152	
0.420275	0.237910	0.197827	0.003759	-0.069476	
0.392076	
0.414514	0.395022	0.370847	0.354950	0.361834	
0.397160	0.378175	0.371447	0.350249	0.353068	
0.391589	0.378234	0.361888	0.342725	0.338733	
0.367734	0.371302	0.359728	0.338929	0.323965	
0.366054	0.362905	0.353899	0.328435	0.301889	
0.346833	0.325042	0.286337	0.250435	0.239579	
0.336016	0.324492	0.296326	0.260608	0.237277	
0.322634	0.286209	0.271603	0.242923	0.235037	
0.308648	0.293598	0.272484	0.245692	0.226117	
0.331694	0.296314	0.259776	0.244724	0.207108	
0.327962	0.294898	0.263834	0.238185	0.214170	
0.315008	0.281303	0.256443	0.224904	0.211109	
0.319157	0.279300	0.260210	0.226117	0.213061	
0.348273	0.334266	0.320403	0.279469	0.262835	
0.330905	0.296865	0.274847	0.251868	0.230535	
0.347540	0.321645	0.288988	0.264615	0.255370	
0.307499	0.290802	0.264822	0.223510	0.210712	
0.041740	0.011134	-0.043056	-0.071015	-0.101866	
0.052004	0.015793	-0.012756	-0.061463	-0.099537	
0.044531	0.013885	-0.025437	-0.071997	-0.112032	
0.051726	0.024764	-0.021766	-0.062320	-0.090695	
0.041927	-0.005008	-0.036113	-0.069074	-0.108972	
0.034683	-0.007182	-0.049152	-0.087909	-0.118870	
0.667183	
0.707134	0.674736	0.626622	0.591617	0.595361	
0.666202	0.646197	0.619439	0.578663	0.580076	
0.642353	0.637174	0.606670	0.568091	0.557439	
0.617279	0.624466	0.598196	0.553263	0.530617	
0.617463	0.613167	0.592765	0.538841	0.487898	
0.609787	0.584014	0.513891	0.475899	0.466726	
0.611266	0.542962	0.508421	0.477661	0.447408	
0.575481	0.532846	0.501381	0.467207	0.421727	
0.525525	0.510147	0.454326	0.404132	0.374152	
0.551814	0.516350	0.480249	0.425572	0.401642	
0.580687	0.540842	0.497109	0.475621	0.431896	
0.559803	0.513595	0.478601	0.439022	0.386800	
0.564920	0.533978	0.493942	0.439254	0.412722	
0.602861	0.543882	0.519316	0.487678	0.454087	
0.571438	0.539444	0.491635	0.467486	0.417483	
0.580272	0.538059	0.502246	0.470105	0.434885	
0.586249	0.550497	0.500076	0.464001	0.447671	
0.030927	-0.041710	-0.104178	-0.164142	-0.205194	
0.026307	-0.044725	-0.088824	-0.177576	-0.214735	
0.009792	-0.050376	-0.129413	-0.203004	-0.238257	
0.017253	-0.065125	-0.127233	-0.183128	-0.240426	
0.012196	-0.062006	-0.117712	-0.185109	-0.253532	
0.015482	-0.068819	-0.123404	-0.190323	-0.254677	
0.694219	
0.725302	0.696888	0.650310	0.615496	0.620565	
0.692244	0.673178	0.648739	0.602559	0.603792	
0.673181	0.668672	0.638035	0.597293	0.583009	
0.649524	0.656515	0.622694	0.580263	0.546640	
0.645452	0.645181	0.616462	0.557598	0.494420	
0.652434	0.604513	0.571007	0.555530	0.507392	
0.619144	0.608349	0.560814	0.518704	0.495866	
0.606659	0.564309	0.525798	0.494242	0.469387	
0.640896	0.599439	0.563466	0.516666	0.488479	
0.603674	0.566971	0.509915	0.452994	0.447554	
0.643563	0.604434	0.552099	0.534235	0.489795	
0.579088	0.537888	0.492638	0.460611	0.428369	
0.573526	0.530340	0.484998	0.454536	0.405673	
0.609439	0.568405	0.527236	0.483117	0.460875	
0.576253	0.550002	0.526600	0.470502	0.434590	
0.590947	0.577453	0.536799	0.498611	0.463038	
0.591973	0.594636	0.539845	0.466229	0.457835	
0.010876	-0.042886	-0.104629	-0.181036	-0.233123	
0.013273	-0.069767	-0.122486	-0.182475	-0.248518	
-0.037526	-0.090164	-0.161736	-0.233769	-0.311099	
0.000111	-0.070401	-0.135767	-0.186578	-0.271342	
-0.029318	-0.096675	-0.162536	-0.244603	-0.296878	
-0.021193	-0.099618	-0.179765	-0.245019	-0.299781	
0.537425	
0.582052	0.546342	0.506147	0.479048	0.484796	
0.551791	0.529610	0.508018	0.470858	0.471709	
0.528798	0.517912	0.491974	0.456205	0.446519	
0.504583	0.506951	0.483736	0.445772	0.422945	
0.508529	0.504678	0.479021	0.433644	0.384908	
0.446111	0.422081	0.394645	0.369088	0.341741	
0.461078	0.428976	0.394185	0.354617	0.345940	
0.525524	0.470182	0.441326	0.409922	0.372918	
0.462602	0.418852	0.370725	0.332009	0.313165	
0.466788	0.439739	0.425972	0.373683	0.341165	
0.485882	0.456212	0.415917	0.366563	0.342871	
0.483809	0.433578	0.403133	0.359389	0.341689	
0.495766	0.456102	0.408282	0.377104	0.350836	
0.473213	0.441372	0.394318	0.382187	0.346014	
0.473472	0.450965	0.421245	0.371892	0.351888	
0.440789	0.430567	0.387488	0.347615	0.331114	
0.461461	0.448198	0.416156	0.362760	0.343844	
0.024397	-0.043122	-0.090599	-0.128856	-0.171660	
0.016882	-0.037698	-0.081556	-0.115465	-0.185006	
0.011113	-0.048942	-0.092537	-0.146395	-0.193381	
0.021806	-0.059098	-0.088933	-0.144878	-0.209263	
-0.001890	-0.082224	-0.121960	-0.170152	-0.222444	
-0.015468	-0.070045	-0.103337	-0.167175	-0.216232	
0.491954	
0.523027	0.499456	0.460832	0.443576	0.448742	
0.508769	0.482012	0.464232	0.436517	0.438655	
0.478434	0.475640	0.451849	0.426598	0.416559	
0.472748	0.464558	0.448667	0.418253	0.392778	
0.465186	0.464278	0.443211	0.405892	0.368380	
0.451713	0.423004	0.397530	0.346636	0.316662	
0.448521	0.392290	0.366320	0.348894	0.306711	
0.423542	0.413786	0.372032	0.320716	0.306443	
0.399712	0.387699	0.360326	0.311758	0.314390	
0.445842	0.386803	0.367557	0.346435	0.321426	
0.406016	0.381499	0.343618	0.325632	0.314746	
0.413623	0.394558	0.352654	0.319573	0.292774	
0.414754	0.358250	0.344804	0.293000	0.286239	
0.443713	0.415807	0.385172	0.354386	0.328970	
0.417621	0.381128	0.335566	0.312867	0.288833	
0.390444	0.367729	0.337800	0.307569	0.269709	
0.423762	0.390239	0.341520	0.310443	0.297591	
0.041061	-0.005515	-0.064543	-0.102039	-0.143714	
0.033494	-0.013155	-0.063067	-0.126041	-0.141489	
0.026029	-0.021631	-0.071332	-0.119672	-0.170818	
0.024668	-0.024156	-0.067280	-0.116438	-0.158873	
0.019326	-0.024373	-0.074366	-0.130923	-0.170550	
0.048731	-0.015609	-0.069151	-0.103306	-0.143364	
0.400889	
0.429571	0.407458	0.384118	0.373501	0.381553	
0.404273	0.391044	0.381651	0.364022	0.371722	
0.394445	0.393186	0.374680	0.358831	0.356159	
0.379549	0.383987	0.372149	0.350852	0.343706	
0.377058	0.378034	0.369607	0.343051	0.319946	
0.363388	0.316994	0.308204	0.282735	0.264196	
0.388471	0.341727	0.317881	0.283735	0.260689	
0.334287	0.301357	0.266840	0.233581	0.212632	
0.315878	0.298444	0.274467	0.251910	0.230231	
0.335287	0.285733	0.279656	0.237385	0.229640	
0.324668	0.287825	0.258048	0.239783	0.225726	
0.344415	0.323178	0.272705	0.262351	0.240240	
0.324062	0.312233	0.279036	0.250551	0.230686	
0.294676	0.275475	0.253036	0.237949	0.213239	
0.308182	0.294445	0.243104	0.234216	0.216400	
0.297605	0.283088	0.264316	0.226524	0.218589	
0.320475	0.299387	0.270183	0.259285	0.236878	
0.059459	0.028543	-0.013027	-0.041697	-0.066429	
0.048076	-0.002366	-0.028797	-0.068845	-0.097542	
0.053705	0.014386	-0.030902	-0.059210	-0.093801	
0.060556	0.010987	-0.025546	-0.055880	-0.091743	
0.061413	0.020809	-0.023938	-0.052225	-0.089631	
0.080425	0.037426	-0.003679	-0.026467	-0.066181	
0.424398	
0.468818	0.436611	0.398266	0.353983	0.351260	
0.443045	0.422650	0.383337	0.348377	0.334266	
0.405884	0.401894	0.374102	0.328349	0.313216	
0.391112	0.389766	0.362748	0.317883	0.281946	
0.385546	0.376738	0.358785	0.302462	0.250380	
0.389906	0.347202	0.333134	0.283525	0.260161	
0.411487	0.385272	0.351687	0.320484	0.288646	
0.426811	0.390214	0.350557	0.307195	0.293225	
0.428483	0.410698	0.364867	0.319562	0.291065	
0.436716	0.399867	0.356357	0.326784	0.299278	
0.455129	0.427501	0.383432	0.359123	0.313033	
0.452706	0.409269	0.366459	0.337011	0.299513	
0.501973	0.470090	0.420902	0.377039	0.338062	
0.462429	0.422893	0.385449	0.336278	0.322093	
0.490587	0.435294	0.402631	0.350620	0.333400	
0.477732	0.423886	0.385696	0.356083	0.320226	
0.469279	0.454979	0.393700	0.355775	0.343417	
-0.077213	-0.123613	-0.155823	-0.218018	-0.254133	
-0.072188	-0.117672	-0.173617	-0.199874	-0.244716	
-0.091958	-0.131221	-0.186004	-0.221071	-0.276418	
-0.110094	-0.162001	-0.187154	-0.236706	-0.276571	
-0.108587	-0.165754	-0.209188	-0.257612	-0.297392	
-0.139824	-0.190396	-0.237548	-0.285552	-0.336890	
0.174975	
0.214245	0.188024	0.166066	0.143223	0.142781	
0.195965	0.187901	0.166060	0.140354	0.134499	
0.173884	0.170510	0.152900	0.126036	0.120050	
0.163161	0.160959	0.148197	0.122804	0.104149	
0.158965	0.157060	0.141109	0.114293	0.089910	
0.158947	0.152727	0.133950	0.120843	0.109404	
0.159504	0.143152	0.133442	0.111028	0.091887	
0.195387	0.183287	0.165315	0.143291	0.123390	
0.200496	0.191842	0.167630	0.150451	0.132404	
0.227645	0.211246	0.187495	0.164035	0.140199	
0.213768	0.196148	0.169285	0.145697	0.132594	
0.224309	0.199278	0.177265	0.162934	0.139499	
0.230770	0.211454	0.187970	0.162230	0.134845	
0.210293	0.184718	0.167496	0.148564	0.133586	
0.232237	0.201212	0.171839	0.151718	0.138033	
0.234358	0.203527	0.181668	0.162747	0.147510	
0.238194	0.216727	0.182361	0.165406	0.153901	
-0.049846	-0.075417	-0.086984	-0.117456	-0.132337	
-0.054557	-0.069646	-0.098274	-0.104918	-0.126238	
-0.052439	-0.074625	-0.102918	-0.114933	-0.133774	
-0.060479	-0.087331	-0.105513	-0.123079	-0.139499	
-0.077098	-0.102773	-0.123123	-0.136995	-0.160046	
-0.084787	-0.118428	-0.140252	-0.154641	-0.176114	
0.362779	
0.381920	0.366642	0.337924	0.326287	0.330873	
0.362869	0.351403	0.340351	0.321014	0.322915	
0.349510	0.347406	0.334172	0.316779	0.312134	
0.335736	0.338653	0.329408	0.309313	0.290882	
0.342672	0.343409	0.329365	0.300846	0.273617	
0.327840	0.308745	0.279109	0.258459	0.229790	
0.278450	0.276799	0.237917	0.232707	0.205613	
0.321606	0.314556	0.274173	0.247847	0.227466	
0.303209	0.298417	0.254934	0.238698	0.211158	
0.343732	0.314056	0.284767	0.269566	0.258987	
0.266933	0.247151	0.226897	0.186755	0.190917	
0.287628	0.253275	0.231430	0.207914	0.199552	
0.312858	0.299392	0.256390	0.253745	0.235349	
0.299006	0.286030	0.255722	0.234221	0.218351	
0.317114	0.294190	0.272271	0.248295	0.213538	
0.299721	0.273966	0.252593	0.227470	0.214216	
0.251112	0.243825	0.215543	0.185091	0.180375	
0.042681	0.011309	-0.021052	-0.062347	-0.080956	
0.021794	-0.005732	-0.044612	-0.079070	-0.107553	
0.036801	0.000534	-0.045545	-0.073585	-0.097182	
0.026337	-0.014939	-0.046763	-0.067479	-0.109880	
0.039438	0.000935	-0.021224	-0.055344	-0.087124	
0.033943	0.003646	-0.036194	-0.082800	-0.107489	
0.392267	
0.423006	0.395390	0.366881	0.349615	0.357331	
0.400103	0.388606	0.368596	0.347650	0.350292	
0.384316	0.380790	0.361856	0.338265	0.333638	
0.369809	0.374093	0.354710	0.330599	0.313921	
0.366043	0.370670	0.350634	0.321191	0.287427	
0.318973	0.306645	0.275248	0.226435	0.219585	
0.365937	0.356520	0.325812	0.278921	0.261156	
0.309443	0.294970	0.262494	0.245739	0.223097	
0.337716	0.298204	0.282398	0.244693	0.224302	
0.334170	0.286640	0.266826	0.244756	0.221714	
0.337799	0.301242	0.257667	0.242243	0.201942	
0.360424	0.320150	0.287218	0.251458	0.241498	
0.348603	0.320628	0.297435	0.262864	0.238835	
0.354882	0.318930	0.291389	0.266353	0.263517	
0.346696	0.319470	0.286889	0.252465	0.238800	
0.342585	0.328727	0.292572	0.248100	0.238993	
0.356236	0.302565	0.279736	0.273326	0.251081	
0.037771	-0.009186	-0.040499	-0.081985	-0.106226	
0.030917	-0.012233	-0.050284	-0.086914	-0.122420	
0.038027	-0.007823	-0.044282	-0.084775	-0.106049	
0.021775	-0.025290	-0.050981	-0.101925	-0.131241	
0.027974	-0.010117	-0.056717	-0.094182	-0.138012	
0.023081	-0.019028	-0.056975	-0.097411	-0.131257	
0.283053	
0.304616	0.285142	0.269664	0.258406	0.259595	
0.285737	0.280057	0.267462	0.255711	0.253510	
0.282024	0.277769	0.261651	0.246154	0.244940	
0.263014	0.267029	0.257333	0.242252	0.232377	
0.263994	0.266549	0.253117	0.233506	0.211220	
0.223966	0.211030	0.190542	0.169485	0.145509	
0.225827	0.215667	0.196493	0.177720	0.161920	
0.240348	0.222504	0.196691	0.181122	0.169037	
0.245661	0.214380	0.197733	0.168498	0.165475	
0.216109	0.206692	0.174729	0.168482	0.160683	
0.247471	0.221669	0.214712	0.183350	0.171314	
0.228468	0.216510	0.186541	0.155045	0.146571	
0.227669	0.217814	0.194703	0.187223	0.161001	
0.245870	0.215108	0.193096	0.162478	0.177314	
0.219273	0.220538	0.200443	0.175435	0.147769	
0.223275	0.197820	0.157889	0.147974	0.136688	
0.206672	0.192844	0.181216	0.167218	0.149611	
0.048006	0.015294	-0.013627	-0.041931	-0.061614	
0.030980	0.004775	-0.011888	-0.035112	-0.060357	
0.039652	0.007569	-0.024595	-0.037922	-0.062178	
0.048318	0.021011	0.000550	-0.034340	-0.048799	
0.043832	0.018142	-0.012902	-0.038134	-0.057664	
0.041327	0.011781	-0.006935	-0.034076	-0.061526	
0.716009	
0.770942	0.717702	0.660814	0.615198	0.618815	
0.719000	0.694277	0.652529	0.606008	0.603872	
0.691321	0.680286	0.640558	0.588884	0.573640	
0.661594	0.663417	0.633534	0.573774	0.530388	
0.664130	0.652657	0.622023	0.557078	0.487856	
0.605512	0.584588	0.541436	0.483557	0.422409	
0.641097	0.596055	0.537516	0.483888	0.456856	
0.643121	0.599091	0.538388	0.490411	0.464689	
0.627863	0.593992	0.554814	0.481129	0.464839	
0.701440	0.625339	0.583546	0.536959	0.491597	
0.661772	0.621737	0.562043	0.527706	0.481989	
0.675244	0.624806	0.550057	0.500413	0.460924	
0.672389	0.631722	0.575311	0.490333	0.484620	
0.723386	0.657251	0.577624	0.539544	0.516953	
0.685553	0.623350	0.577525	0.503865	0.481219	
0.648757	0.580969	0.532861	0.493256	0.448199	
0.684821	0.631872	0.579810	0.532764	0.485997	
-0.018937	-0.116437	-0.172201	-0.240931	-0.293005	
-0.018976	-0.081510	-0.150582	-0.224307	-0.287244	
-0.029974	-0.108703	-0.167942	-0.241816	-0.311266	
-0.041896	-0.100356	-0.175456	-0.239343	-0.301924	
-0.071491	-0.135218	-0.208423	-0.265209	-0.341425	
-0.077362	-0.169647	-0.222184	-0.293870	-0.368035	
0.525649	
0.537817	0.512852	0.476181	0.435507	0.434830	
0.511300	0.504870	0.470511	0.435783	0.433657	
0.495500	0.489613	0.465570	0.418168	0.412728	
0.478976	0.480545	0.460426	0.412349	0.380181	
0.477556	0.474015	0.447362	0.395934	0.345085	
0.486616	0.485542	0.445247	0.435083	0.384523	
0.491864	0.452141	0.438996	0.424814	0.379175	
0.498732	0.488125	0.451672	0.424094	0.390678	
0.495670	0.469107	0.450737	0.419900	0.379986	
0.489385	0.463971	0.431825	0.386300	0.380546	
0.479095	0.473156	0.436282	0.407328	0.370951	
0.473055	0.440512	0.426692	0.397804	0.370495	
0.503315	0.450134	0.438268	0.405470	0.378278	
0.516336	0.474433	0.448394	0.418149	0.392584	
0.501980	0.474644	0.437732	0.416104	0.380316	
0.477182	0.460748	0.418680	0.397562	0.372949	
0.486534	0.457753	0.426915	0.409240	0.368982	
-0.080265	-0.142250	-0.191177	-0.244134	-0.291359	
-0.063477	-0.104662	-0.150738	-0.196946	-0.249388	
-0.067558	-0.127239	-0.168940	-0.222486	-0.253221	
-0.121107	-0.159671	-0.216453	-0.255748	-0.310283	
-0.093951	-0.147569	-0.191595	-0.250686	-0.289377	
-0.099281	-0.163643	-0.208517	-0.271867	-0.303375	
0.368679	
0.382984	0.365556	0.342088	0.319935	0.321855	
0.366092	0.358691	0.337946	0.316792	0.315166	
0.349065	0.351542	0.332138	0.303700	0.301544	
0.344081	0.343377	0.326014	0.304318	0.282164	
0.336911	0.337230	0.325513	0.287491	0.255893	
0.357050	0.337949	0.314774	0.285553	0.272521	
0.337669	0.324372	0.313033	0.284817	0.271534	
0.313005	0.278259	0.270155	0.248562	0.230357	
0.328852	0.318123	0.298939	0.272731	0.260484	
0.367542	0.355463	0.319860	0.295138	0.285223	
0.337106	0.328004	0.303298	0.288356	0.275772	
0.335733	0.319595	0.294053	0.261363	0.248944	
0.345562	0.327460	0.302684	0.261668	0.261189	
0.340822	0.327009	0.291979	0.273906	0.244975	
0.373196	0.355468	0.330640	0.305610	0.282681	
0.369877	0.348970	0.309516	0.285941	0.262486	
0.383780	0.357109	0.322243	0.309651	0.289809	
-0.048654	-0.088211	-0.110798	-0.151827	-0.171236	
-0.041654	-0.065673	-0.101833	-0.145520	-0.164312	
-0.039680	-0.074289	-0.118879	-0.153419	-0.180816	
-0.064334	-0.099270	-0.126269	-0.159407	-0.201328	
-0.032310	-0.076501	-0.117536	-0.153698	-0.188660	
-0.060000	-0.107688	-0.135050	-0.189642	-0.212441	
0.461918	
0.485956	0.463759	0.435179	0.421282	0.429134	
0.466724	0.451770	0.432541	0.417911	0.416660	
0.448182	0.442732	0.425648	0.403323	0.401181	
0.436106	0.440867	0.424629	0.396314	0.383407	
0.430127	0.431466	0.421277	0.389416	0.356728	
0.377853	0.334413	0.297032	0.285912	0.251753	
0.372964	0.348252	0.298989	0.279413	0.271720	
0.413933	0.384528	0.341030	0.312152	0.301607	
0.393091	0.358287	0.324745	0.283555	0.271065	
0.374945	0.341643	0.312285	0.275517	0.256363	
0.402288	0.360962	0.344774	0.314959	0.300564	
0.418488	0.389733	0.324423	0.308550	0.282887	
0.431038	0.392227	0.357961	0.322804	0.316916	
0.357892	0.330320	0.292556	0.277666	0.266553	
0.400079	0.364801	0.333801	0.314887	0.281888	
0.360296	0.334053	0.302770	0.275140	0.250264	
0.350284	0.326602	0.286312	0.256089	0.255582	
0.074608	0.012652	-0.012711	-0.058918	-0.098440	
0.039839	0.004966	-0.029632	-0.074638	-0.115956	
0.043281	-0.006817	-0.051407	-0.078044	-0.112158	
0.039380	-0.003851	-0.042446	-0.070898	-0.122618	
0.029070	-0.013578	-0.047168	-0.080237	-0.133602	
0.064996	0.007092	-0.025893	-0.080464	-0.122728	
0.262276	
0.282565	0.264386	0.248061	0.236335	0.237811	
0.267528	0.257425	0.246360	0.235857	0.233923	
0.253794	0.254001	0.241069	0.226383	0.223213	
0.248698	0.250547	0.238354	0.218531	0.212254	
0.242438	0.244086	0.236253	0.213295	0.193426	
0.255354	0.240072	0.222149	0.192867	0.181558	
0.259829	0.250597	0.229640	0.209915	0.189914	
0.283654	0.266942	0.248121	0.211334	0.210414	
0.283861	0.264675	0.230012	0.203615	0.189994	
0.236360	0.229995	0.197292	0.189344	0.170327	
0.229009	0.224845	0.194737	0.173823	0.159733	
0.244086	0.222885	0.199904	0.179362	0.163126	
0.236867	0.216785	0.199732	0.165644	0.170068	
0.210281	0.200225	0.168130	0.152908	0.147689	
0.254270	0.225816	0.202257	0.189791	0.175576	
0.254489	0.239781	0.209710	0.209373	0.179704	
0.243690	0.227470	0.229554	0.202517	0.186072	
-0.005519	-0.033870	-0.057109	-0.085403	-0.111864	
-0.012552	-0.034877	-0.061455	-0.098255	-0.112851	
-0.015248	-0.045392	-0.077255	-0.087029	-0.122112	
-0.009114	-0.042761	-0.072375	-0.092217	-0.126912	
-0.026963	-0.050510	-0.074547	-0.098612	-0.130589	
-0.015150	-0.037934	-0.076401	-0.102941	-0.126652	
0.353942	
0.374628	0.358622	0.329862	0.310728	0.311239	
0.357605	0.344537	0.327006	0.304025	0.303064	
0.344353	0.343324	0.322480	0.297021	0.290305	
0.334173	0.332015	0.315274	0.291614	0.272070	
0.332322	0.326948	0.312489	0.284681	0.246922	
0.365366	0.338966	0.313181	0.295617	0.269482	
0.345942	0.332580	0.295970	0.262658	0.258175	
0.345069	0.317973	0.288307	0.257670	0.234834	
0.313246	0.308781	0.259459	0.244914	0.228827	
0.331092	0.313793	0.275797	0.260405	0.237970	
0.315230	0.297600	0.265206	0.232418	0.214566	
0.390364	0.356566	0.338078	0.305014	0.266804	
0.359852	0.336052	0.333817	0.284309	0.260616	
0.345018	0.313250	0.278399	0.253565	0.233101	
0.320990	0.291404	0.265662	0.240453	0.240867	
0.348232	0.318830	0.298596	0.280779	0.251995	
0.352583	0.311937	0.308143	0.272388	0.254256	
-0.023248	-0.079351	-0.103830	-0.150761	-0.182489	
-0.041826	-0.076768	-0.120825	-0.145399	-0.175662	
-0.039713	-0.080857	-0.117105	-0.144707	-0.174144	
-0.036043	-0.075483	-0.119435	-0.132899	-0.185867	
-0.041493	-0.073665	-0.099714	-0.124771	-0.171102	
-0.053143	-0.082914	-0.132485	-0.159474	-0.195340	
0.256669	
0.276340	0.258885	0.239838	0.226445	0.228503	
0.255507	0.250077	0.235752	0.221519	0.219265	
0.245234	0.246900	0.234292	0.213891	0.213924	
0.241641	0.240346	0.229066	0.209801	0.197691	
0.237004	0.242131	0.227237	0.208794	0.180712	
0.248227	0.236890	0.215367	0.203082	0.181312	
0.259700	0.227840	0.211889	0.203714	0.178624	
0.251199	0.213802	0.213929	0.191862	0.175246	
0.237202	0.225579	0.210498	0.184600	0.177491	
0.239302	0.216836	0.206056	0.188532	0.183436	
0.253346	0.229412	0.202565	0.178576	0.159531	
0.238955	0.230314	0.213078	0.174146	0.170924	
0.236520	0.215364	0.187999	0.180001	0.163706	
0.230275	0.219896	0.205928	0.179107	0.168918	
0.254905	0.220098	0.210975	0.181269	0.179757	
0.250719	0.233907	0.215811	0.186816	0.179460	
0.244135	0.223932	0.209343	0.187921	0.168185	
-0.014674	-0.040510	-0.063961	-0.085823	-0.110754	
-0.015149	-0.036333	-0.058624	-0.087482	-0.108765	
-0.026973	-0.063609	-0.080156	-0.105473	-0.122353	
-0.023622	-0.043982	-0.081626	-0.104805	-0.126253	
-0.026494	-0.043999	-0.072164	-0.099985	-0.113798	
-0.024282	-0.053934	-0.082785	-0.112346	-0.140289	
0.183980	
0.199787	0.186595	0.174589	0.166933	0.168396	
0.187022	0.184430	0.174109	0.164946	0.164896	
0.179013	0.176954	0.171876	0.159681	0.155291	
0.173728	0.172175	0.168174	0.153217	0.144933	
0.171040	0.168872	0.163689	0.151755	0.137294	
0.163043	0.155320	0.134191	0.129661	0.114382	
0.176444	0.162472	0.134079	0.136943	0.125617	
0.163157	0.147293	0.132039	0.120321	0.109361	
0.177076	0.160115	0.146558	0.125969	0.121242	
0.175129	0.179586	0.156648	0.133481	0.130439	
0.196316	0.180674	0.167785	0.156875	0.138959	
0.173012	0.163269	0.140860	0.143007	0.123893	
0.167408	0.165373	0.140722	0.132758	0.112486	
0.167766	0.144565	0.142296	0.119613	0.111785	
0.166442	0.151834	0.133832	0.130591	0.117715	
0.201246	0.179483	0.169468	0.162984	0.145041	
0.169956	0.159093	0.138800	0.131320	0.132181	
-0.005878	-0.024222	-0.045612	-0.062413	-0.080711	
-0.010599	-0.024571	-0.046528	-0.064045	-0.079918	
-0.004552	-0.041373	-0.050210	-0.069504	-0.087382	
-0.014349	-0.027221	-0.045343	-0.062110	-0.082363	
-0.008069	-0.028122	-0.042754	-0.060274	-0.086798	
-0.006561	-0.026122	-0.037790	-0.069249	-0.083784	
0.211783	
0.228691	0.215323	0.198192	0.182271	0.181148	
0.220866	0.211198	0.194055	0.178419	0.175870	
0.206734	0.203391	0.191401	0.171009	0.166102	
0.201099	0.199269	0.185915	0.167410	0.155577	
0.198943	0.196284	0.182328	0.159586	0.138879	
0.217505	0.210614	0.189440	0.160439	0.143950	
0.214584	0.190616	0.184630	0.165675	0.143484	
0.222749	0.212785	0.181503	0.161595	0.153221	
0.246051	0.211355	0.185153	0.187091	0.163548	
0.233125	0.216996	0.188902	0.181286	0.169197	
0.216381	0.198825	0.168377	0.159356	0.138514	
0.223555	0.219654	0.195316	0.189152	0.159821	
0.226847	0.205302	0.189154	0.172648	0.160442	
0.230637	0.212775	0.185172	0.171226	0.164837	
0.222688	0.206143	0.184580	0.171067	0.151851	
0.222057	0.226793	0.186484	0.176883	0.161513	
0.219173	0.202575	0.183598	0.168563	0.159402	
-0.029588	-0.059461	-0.084930	-0.108108	-0.133863	
-0.019998	-0.057645	-0.078796	-0.100901	-0.129955	
-0.032187	-0.058430	-0.087435	-0.105707	-0.135821	
-0.053932	-0.070816	-0.100869	-0.116515	-0.138200	
-0.054166	-0.086158	-0.106708	-0.134516	-0.158017	
-0.061623	-0.082713	-0.111622	-0.145938	-0.159632	
0.096408	
0.101719	0.098259	0.090175	0.086728	0.085979	
0.098200	0.095834	0.088597	0.084349	0.084584	
0.094766	0.092123	0.087096	0.082563	0.080911	
0.092349	0.092582	0.087407	0.080260	0.075320	
0.093161	0.092166	0.087223	0.077981	0.068706	
0.098602	0.097174	0.090999	0.079424	0.071281	
0.092242	0.088447	0.070676	0.070125	0.070187	
0.111923	0.106277	0.096100	0.083252	0.079398	
0.102137	0.093251	0.082526	0.072237	0.073495	
0.082629	0.085046	0.070868	0.067338	0.057479	
0.087242	0.086543	0.071475	0.063089	0.051591	
0.107501	0.094708	0.083884	0.076728	0.071536	
0.099593	0.083961	0.082014	0.079760	0.068973	
0.098842	0.104449	0.081787	0.079574	0.068027	
0.108938	0.098158	0.092133	0.081345	0.079253	
0.098394	0.087716	0.088924	0.074704	0.071770	
0.120185	0.102884	0.092992	0.087544	0.088264	
-0.011977	-0.024058	-0.032090	-0.039761	-0.049736	
-0.016277	-0.027310	-0.037081	-0.054481	-0.063950	
-0.016807	-0.030291	-0.037428	-0.048251	-0.062751	
-0.011673	-0.022860	-0.036700	-0.048898	-0.053745	
-0.018274	-0.031595	-0.041778	-0.047165	-0.059146	
-0.023660	-0.031193	-0.037745	-0.054685	-0.066109	
0.213777	
0.231762	0.216989	0.198063	0.181991	0.179129	
0.218110	0.211045	0.192559	0.176048	0.174771	
0.203346	0.203155	0.191183	0.172584	0.164323	
0.196251	0.200650	0.187268	0.166302	0.151586	
0.198161	0.193221	0.182889	0.159261	0.139234	
0.243252	0.232926	0.212233	0.184466	0.180913	
0.216855	0.208333	0.183954	0.172089	0.155295	
0.210711	0.187331	0.183160	0.162817	0.154304	
0.226675	0.204423	0.202261	0.180456	0.154470	
0.219360	0.203755	0.179581	0.164121	0.146958	
0.218684	0.203237	0.177105	0.165647	0.147583	
0.222016	0.210803	0.183957	0.180176	0.162280	
0.219418	0.200094	0.179522	0.167443	0.142491	
0.218951	0.222000	0.190661	0.186954	0.160918	
0.209035	0.206279	0.186878	0.160227	0.152270	
0.214177	0.207539	0.200520	0.175273	0.165487	
0.216043	0.196569	0.192499	0.168529	0.157814	
-0.034597	-0.062788	-0.085920	-0.101659	-0.126537	
-0.028673	-0.052203	-0.074619	-0.097424	-0.111166	
-0.054644	-0.066517	-0.090996	-0.114155	-0.133561	
-0.054269	-0.074938	-0.095737	-0.128018	-0.139314	
-0.051911	-0.072895	-0.103891	-0.122690	-0.139319	
-0.063374	-0.088036	-0.109838	-0.134652	-0.162560	
0.261044	
0.277309	0.260343	0.240430	0.217479	0.214740	
0.262750	0.254407	0.231170	0.213645	0.205439	
0.250398	0.244283	0.229568	0.205604	0.197143	
0.242452	0.239653	0.225051	0.201418	0.186357	
0.237240	0.235696	0.221916	0.189049	0.162618	
0.271376	0.256443	0.244645	0.212868	0.203576	
0.256567	0.251019	0.243495	0.223199	0.209752	
0.245223	0.248658	0.232531	0.203782	0.193019	
0.261205	0.252915	0.234533	0.208656	0.194742	
0.260368	0.261198	0.236119	0.215670	0.209967	
0.272674	0.262097	0.237726	0.223081	0.214113	
0.250327	0.225499	0.216335	0.192635	0.183301	
0.264895	0.259748	0.230968	0.217761	0.200770	
0.245414	0.229445	0.210734	0.192646	0.184135	
0.261108	0.245212	0.222169	0.208419	0.191136	
0.267237	0.253974	0.226740	0.206199	0.203037	
0.277241	0.248787	0.249446	0.231752	0.206949	
-0.045627	-0.072599	-0.105792	-0.121417	-0.156119	
-0.032521	-0.067631	-0.086773	-0.118040	-0.144151	
-0.054241	-0.085474	-0.110020	-0.135849	-0.154862	
-0.088373	-0.110116	-0.130237	-0.162964	-0.187772	
-0.074077	-0.102493	-0.125780	-0.157533	-0.187656	
-0.093127	-0.111373	-0.140210	-0.169746	-0.202072	
0.142337	
0.153646	0.144224	0.131884	0.120511	0.121078	
0.146689	0.140566	0.128436	0.121069	0.117938	
0.139834	0.135748	0.128063	0.115207	0.109995	
0.131689	0.133086	0.125948	0.113582	0.101502	
0.128561	0.129961	0.123253	0.105490	0.093767	
0.159337	0.154828	0.138812	0.128656	0.127026	
0.159315	0.134268	0.124848	0.122021	0.114891	
0.143830	0.138235	0.123471	0.119003	0.121662	
0.119964	0.102194	0.093878	0.093041	0.083285	
0.142412	0.144466	0.127124	0.123028	0.117505	
0.138325	0.137381	0.116649	0.112628	0.102926	
0.157114	0.148937	0.139746	0.123865	0.119851	
0.144089	0.138335	0.122337	0.122845	0.102891	
0.145127	0.135782	0.118528	0.109318	0.097290	
0.150602	0.147257	0.136381	0.124469	0.113263	
0.161137	0.144602	0.129661	0.121272	0.111123	
0.144779	0.138664	0.133176	0.125643	0.104049	
-0.026094	-0.043079	-0.054897	-0.074964	-0.085439	
-0.022089	-0.042327	-0.059017	-0.072611	-0.088518	
-0.027809	-0.042199	-0.060977	-0.073264	-0.098781	
-0.038645	-0.058899	-0.065058	-0.087257	-0.096548	
-0.024821	-0.045761	-0.065062	-0.077808	-0.096900	
-0.051977	-0.068981	-0.069300	-0.100079	-0.111968	
0.405803	
0.430304	0.399925	0.380673	0.364833	0.368153	
0.407621	0.393714	0.381115	0.358102	0.357396	
0.389274	0.385418	0.375095	0.346575	0.342976	
0.381078	0.383104	0.368496	0.344157	0.322532	
0.376712	0.377521	0.361865	0.335185	0.307054	
0.334550	0.312898	0.298782	0.269016	0.238755	
0.370653	0.328724	0.309080	0.286505	0.276591	
0.341117	0.315701	0.276420	0.251095	0.236177	
0.349998	0.328972	0.314406	0.303855	0.267975	
0.349115	0.335519	0.293429	0.269138	0.249864	
0.331748	0.310111	0.258594	0.244949	0.221822	
0.373367	0.330815	0.301309	0.287370	0.257801	
0.321012	0.301260	0.273292	0.253174	0.214427	
0.341246	0.320573	0.275641	0.268742	0.238063	
0.327625	0.305991	0.282683	0.256879	0.237216	
0.369224	0.335485	0.308623	0.284836	0.267873	
0.336488	0.308509	0.276183	0.254137	0.241429	
0.028245	-0.015520	-0.043837	-0.084391	-0.114158	
0.017808	-0.005392	-0.059977	-0.094389	-0.110990	
0.024222	-0.011882	-0.050332	-0.096555	-0.123824	
0.026516	-0.011846	-0.048170	-0.081680	-0.129095	
0.021958	-0.017521	-0.051809	-0.090952	-0.129492	
0.020600	-0.016153	-0.044500	-0.082779	-0.131254	
0.222862	
0.239761	0.228907	0.211039	0.200057	0.201096	
0.231918	0.222059	0.209565	0.199315	0.197665	
0.222359	0.216646	0.205548	0.191859	0.186520	
0.213778	0.214592	0.200524	0.188067	0.176935	
0.209778	0.208145	0.199294	0.178518	0.160013	
0.223974	0.195426	0.196528	0.172300	0.153328	
0.209852	0.213379	0.183140	0.166049	0.158018	
0.173188	0.166954	0.147503	0.134283	0.123781	
0.211781	0.185465	0.161483	0.154176	0.133295	
0.228456	0.212190	0.193206	0.183200	0.167899	
0.223421	0.193260	0.181710	0.164389	0.163137	
0.198510	0.182617	0.167436	0.147642	0.140445	
0.215563	0.196459	0.183147	0.166002	0.152853	
0.201817	0.181926	0.160979	0.150701	0.135278	
0.211091	0.194002	0.185631	0.165125	0.151462	
0.219765	0.202553	0.182781	0.164540	0.152537	
0.199344	0.186358	0.170228	0.162575	0.145472	
0.004207	-0.032635	-0.046980	-0.069175	-0.101939	
-0.000639	-0.033942	-0.050462	-0.072192	-0.096857	
-0.008367	-0.029697	-0.047469	-0.076916	-0.103974	
-0.005810	-0.029185	-0.055186	-0.076326	-0.097438	
-0.011227	-0.039040	-0.064726	-0.081251	-0.104768	
-0.008783	-0.035882	-0.051293	-0.090181	-0.095458	
0.243589	
0.261669	0.243283	0.227735	0.215006	0.215117	
0.248312	0.237105	0.226685	0.214556	0.212059	
0.236432	0.231393	0.220299	0.208393	0.201200	
0.225591	0.231023	0.218672	0.200942	0.190073	
0.230575	0.224427	0.213598	0.196672	0.174122	
0.230497	0.218350	0.206024	0.177630	0.165060	
0.254863	0.253564	0.227353	0.207654	0.200096	
0.225061	0.208518	0.185133	0.168919	0.141685	
0.203655	0.177179	0.169738	0.148167	0.129915	
0.235127	0.221005	0.185596	0.167569	0.168141	
0.215697	0.197814	0.179817	0.166294	0.143500	
0.233365	0.199396	0.190346	0.183138	0.157993	
0.228324	0.217569	0.181681	0.171811	0.160964	
0.260159	0.224376	0.215500	0.196435	0.181022	
0.217910	0.220454	0.200811	0.161196	0.148699	
0.264206	0.262880	0.236838	0.220118	0.204576	
0.231037	0.206551	0.192388	0.176455	0.162660	
-0.004085	-0.031427	-0.051986	-0.078209	-0.105282	
-0.011982	-0.047480	-0.069625	-0.090137	-0.114927	
-0.032590	-0.051885	-0.071826	-0.098640	-0.130866	
-0.010474	-0.041030	-0.068813	-0.087091	-0.116353	
-0.025798	-0.048233	-0.072240	-0.099430	-0.127097	
-0.030648	-0.047252	-0.074519	-0.101037	-0.121307	
0.287000	
0.298137	0.284645	0.262375	0.242177	0.243125	
0.288159	0.276643	0.261381	0.240082	0.236164	
0.276260	0.270263	0.256959	0.236478	0.226289	
0.265252	0.266419	0.253698	0.230793	0.209796	
0.265059	0.262469	0.249392	0.220231	0.191198	
0.284478	0.263868	0.255186	0.228802	0.211718	
0.272694	0.255444	0.232154	0.215973	0.198072	
0.294524	0.265511	0.236846	0.221596	0.192519	
0.275465	0.248335	0.218535	0.212594	0.182610	
0.267984	0.254856	0.236431	0.213125	0.205091	
0.278775	0.261187	0.222589	0.214879	0.196363	
0.273835	0.259224	0.228422	0.210124	0.191495	
0.278952	0.248134	0.233778	0.225560	0.198004	
0.253059	0.238190	0.212213	0.203653	0.182133	
0.278970	0.252401	0.233628	0.208948	0.194064	
0.283678	0.250606	0.236790	0.213752	0.201664	
0.273209	0.264646	0.234260	0.224782	0.198590	
-0.025590	-0.043064	-0.082244	-0.109978	-0.144431	
-0.018557	-0.060422	-0.078210	-0.093695	-0.142286	
-0.040545	-0.064240	-0.099903	-0.117186	-0.159815	
-0.038422	-0.071696	-0.095479	-0.124554	-0.146913	
-0.039464	-0.081678	-0.110255	-0.142503	-0.164140	
-0.030716	-0.065476	-0.092790	-0.122492	-0.159761	
0.296208	
0.317432	0.294967	0.276667	0.262453	0.262977	
0.298693	0.292053	0.273243	0.259456	0.256378	
0.287134	0.283820	0.268839	0.248696	0.242906	
0.275489	0.281304	0.264501	0.244739	0.229724	
0.281036	0.275113	0.261146	0.237584	0.211610	
0.268152	0.239512	0.221942	0.200644	0.179009	
0.295988	0.278983	0.246631	0.217735	0.216402	
0.267436	0.262249	0.249663	0.213082	0.206106	
0.293335	0.272374	0.252244	0.228375	0.208898	
0.266549	0.248403	0.218421	0.203593	0.171228	
0.272174	0.263316	0.228884	0.218079	0.201683	
0.287608	0.262349	0.242486	0.214348	0.199345	
0.289528	0.269276	0.244694	0.231771	0.196870	
0.287596	0.257387	0.232860	0.213250	0.195258	
0.294635	0.268255	0.239689	0.228669	0.199555	
0.260807	0.240772	0.218962	0.193846	0.182220	
0.277821	0.275844	0.249795	0.229588	0.199381	
-0.007992	-0.034723	-0.064192	-0.099984	-0.130908	
-0.009714	-0.053320	-0.074197	-0.110243	-0.145958	
-0.018190	-0.052629	-0.074373	-0.116772	-0.140189	
-0.010330	-0.036477	-0.064849	-0.102947	-0.124096	
-0.031705	-0.048977	-0.086233	-0.114042	-0.144093	
-0.044972	-0.069571	-0.104194	-0.135078	-0.148413	
0.130097	
0.139247	0.132503	0.120780	0.110851	0.108834	
0.131677	0.124362	0.116516	0.108164	0.108010	
0.126284	0.124908	0.115676	0.106592	0.101302	
0.119530	0.120457	0.113985	0.103652	0.096211	
0.122583	0.118486	0.112827	0.099887	0.084952	
0.131563	0.121775	0.123721	0.114041	0.104671	
0.143165	0.127112	0.111998	0.108832	0.103293	
0.138873	0.125545	0.121264	0.107186	0.102482	
0.129907	0.121236	0.114992	0.104766	0.087957	
0.119783	0.114260	0.104633	0.089891	0.086105	
0.122485	0.119817	0.107201	0.097389	0.092034	
0.118490	0.109966	0.098756	0.088357	0.085923	
0.123532	0.127519	0.106320	0.110109	0.099334	
0.139434	0.128871	0.113593	0.104937	0.099082	
0.152305	0.142391	0.141391	0.128372	0.117573	
0.128314	0.117630	0.101934	0.091892	0.081197	
0.120801	0.106030	0.097638	0.085787	0.082425	
-0.013751	-0.038515	-0.043186	-0.052736	-0.071491	
-0.023028	-0.041321	-0.055516	-0.066675	-0.075770	
-0.022547	-0.042122	-0.056998	-0.066592	-0.076528	
-0.014140	-0.032028	-0.046547	-0.059721	-0.069655	
-0.021091	-0.041482	-0.050438	-0.069867	-0.087960	
-0.031059	-0.049057	-0.062747	-0.078507	-0.088027	
0.097968	
0.107088	0.097869	0.092024	0.083795	0.085472	
0.098320	0.098362	0.089464	0.084402	0.083836	
0.097856	0.093401	0.086920	0.081742	0.078159	
0.092957	0.092869	0.087905	0.079708	0.073569	
0.091675	0.090679	0.088229	0.074885	0.067328	
0.103155	0.101105	0.093636	0.078929	0.073118	
0.101591	0.096619	0.092932	0.074454	0.071228	
0.081991	0.080510	0.069383	0.055944	0.057461	
0.085909	0.077239	0.078681	0.061940	0.052161	
0.098970	0.094767	0.086030	0.082726	0.075722	
0.115482	0.103520	0.100865	0.091101	0.079892	
0.096468	0.080930	0.085791	0.075557	0.071967	
0.100518	0.080903	0.080242	0.066182	0.072765	
0.115471	0.110143	0.107860	0.088692	0.086212	
0.088424	0.080231	0.070467	0.065932	0.062106	
0.090678	0.073179	0.070550	0.062378	0.058568	
0.096627	0.088504	0.082321	0.075060	0.065397	
-0.005794	-0.014196	-0.025863	-0.039531	-0.049738	
-0.009527	-0.021903	-0.027497	-0.038509	-0.048765	
-0.014465	-0.025515	-0.037992	-0.048668	-0.056301	
-0.010873	-0.022072	-0.028147	-0.042096	-0.049638	
-0.010760	-0.024122	-0.035786	-0.045276	-0.049652	
-0.030821	-0.040244	-0.048658	-0.055471	-0.069077	
0.111179	
0.116576	0.111842	0.101089	0.095301	0.093984	
0.114517	0.108304	0.102124	0.094675	0.092667	
0.108408	0.107097	0.099278	0.090926	0.088667	
0.102542	0.102945	0.098553	0.088658	0.082102	
0.101692	0.105265	0.095529	0.085533	0.073596	
0.109377	0.102224	0.089511	0.082240	0.089069	
0.111094	0.097175	0.089551	0.085096	0.090081	
0.111292	0.108858	0.092866	0.091472	0.081579	
0.119410	0.103876	0.099484	0.080430	0.074812	
0.116079	0.109302	0.091261	0.077899	0.075793	
0.105179	0.098767	0.093328	0.079795	0.077580	
0.118499	0.109000	0.098023	0.098780	0.082300	
0.117329	0.117717	0.104243	0.094190	0.095084	
0.119140	0.109066	0.093012	0.088000	0.086000	
0.125397	0.119225	0.102382	0.092759	0.087438	
0.106223	0.089689	0.079033	0.071881	0.060871	
0.105711	0.103738	0.094981	0.079899	0.069347	
-0.012290	-0.036790	-0.042909	-0.052770	-0.064321	
-0.009471	-0.026438	-0.029456	-0.041475	-0.057398	
-0.018794	-0.033456	-0.045264	-0.055458	-0.061778	
-0.018501	-0.033631	-0.041092	-0.054477	-0.064447	
-0.022282	-0.031520	-0.046298	-0.059426	-0.068896	
-0.023779	-0.042149	-0.052035	-0.064293	-0.079860	
0.202602	
0.217591	0.204042	0.183087	0.169465	0.167800	
0.205573	0.202224	0.183572	0.167985	0.167698	
0.194902	0.192583	0.178441	0.158648	0.151574	
0.186357	0.186461	0.176619	0.157981	0.140748	
0.188763	0.183985	0.176044	0.151340	0.127933	
0.201197	0.187717	0.169955	0.150643	0.138679	
0.198050	0.190581	0.161349	0.145902	0.139786	
0.216612	0.197639	0.179851	0.171917	0.146368	
0.196773	0.173671	0.156380	0.134197	0.125014	
0.213851	0.199970	0.184284	0.161760	0.148239	
0.216019	0.205834	0.169651	0.159976	0.160171	
0.225687	0.205356	0.200373	0.174270	0.152850	
0.228884	0.213834	0.180171	0.173724	0.151760	
0.216610	0.202296	0.180492	0.168092	0.146617	
0.210993	0.190620	0.172496	0.153575	0.151787	
0.217320	0.211288	0.170128	0.163749	0.150165	
0.219724	0.209555	0.189862	0.168932	0.154629	
-0.034936	-0.056161	-0.081721	-0.110066	-0.123595	
-0.020304	-0.040871	-0.063463	-0.089601	-0.112545	
-0.034708	-0.053653	-0.077617	-0.098330	-0.129663	
-0.046104	-0.066496	-0.082326	-0.111579	-0.146698	
-0.043084	-0.071770	-0.096715	-0.112884	-0.142232	
-0.081919	-0.108508	-0.121508	-0.157795	-0.160549	
0.097872	
0.106525	0.098393	0.089236	0.084244	0.086538	
0.100617	0.099490	0.090890	0.083189	0.083235	
0.094919	0.095953	0.088568	0.080725	0.077809	
0.091645	0.089877	0.086676	0.079577	0.073483	
0.091636	0.092523	0.085983	0.077087	0.065907	
0.106961	0.096199	0.093746	0.081727	0.072282	
0.113821	0.102066	0.087129	0.086183	0.076325	
0.098715	0.093614	0.077209	0.071990	0.062969	
0.106313	0.096012	0.078519	0.077894	0.074174	
0.113031	0.098039	0.088141	0.080315	0.070169	
0.093101	0.088868	0.078347	0.075036	0.065377	
0.107512	0.088415	0.081738	0.070619	0.069099	
0.106343	0.103574	0.091177	0.081386	0.072941	
0.104090	0.090216	0.086573	0.074587	0.074683	
0.091397	0.089854	0.070546	0.066030	0.056923	
0.097916	0.086792	0.083768	0.073945	0.062597	
0.089304	0.092243	0.076271	0.071243	0.060852	
-0.005904	-0.015055	-0.023854	-0.036873	-0.047554	
-0.015912	-0.027506	-0.033660	-0.045488	-0.055238	
-0.020512	-0.026123	-0.035181	-0.055507	-0.059858	
-0.015808	-0.030352	-0.033048	-0.049722	-0.057591	
-0.015474	-0.025605	-0.037513	-0.048442	-0.056980	
-0.023566	-0.037546	-0.049401	-0.059766	-0.068218	
0.104722	
0.113887	0.104587	0.093626	0.083782	0.084668	
0.108947	0.102690	0.092175	0.084650	0.082048	
0.104147	0.100415	0.090791	0.082054	0.074132	
0.097004	0.095145	0.089894	0.077983	0.069236	
0.096693	0.094459	0.086649	0.072733	0.059145	
0.119324	0.104847	0.094989	0.090770	0.082162	
0.124356	0.112167	0.107219	0.098565	0.089084	
0.106173	0.101791	0.097814	0.091377	0.079789	
0.108917	0.101394	0.087392	0.089614	0.078469	
0.112391	0.099448	0.093328	0.084603	0.075395	
0.106469	0.101435	0.099547	0.086644	0.082957	
0.102668	0.094067	0.085202	0.081772	0.068728	
0.100576	0.092619	0.085588	0.076899	0.070039	
0.106329	0.097499	0.089971	0.084686	0.073554	
0.107873	0.103755	0.089938	0.080028	0.075372	
0.110903	0.102658	0.093421	0.091005	0.086871	
0.107038	0.095103	0.091635	0.084734	0.079454	
-0.023990	-0.037402	-0.048169	-0.058561	-0.072714	
-0.026347	-0.033343	-0.041892	-0.055975	-0.069012	
-0.014701	-0.022666	-0.036415	-0.051338	-0.058603	
-0.025567	-0.035109	-0.048368	-0.068108	-0.076153	
-0.031488	-0.051698	-0.059309	-0.072508	-0.081751	
-0.041558	-0.056020	-0.062567	-0.077360	-0.087778	
0.090201	
0.098905	0.092651	0.082984	0.075749	0.074404	
0.093731	0.087957	0.083112	0.073155	0.072285	
0.090954	0.086403	0.080575	0.071546	0.066721	
0.083891	0.084113	0.078072	0.068680	0.062358	
0.082550	0.082816	0.077385	0.066272	0.053437	
0.098304	0.087005	0.083247	0.079424	0.073331	
0.100285	0.096200	0.088807	0.078955	0.074991	
0.096471	0.084209	0.085790	0.069569	0.062872	
0.092089	0.080935	0.078553	0.064886	0.060725	
0.099195	0.088183	0.079440	0.069633	0.061609	
0.101575	0.098382	0.086003	0.084596	0.071046	
0.092601	0.086685	0.083040	0.072013	0.066311	
0.088830	0.094000	0.083913	0.070885	0.062498	
0.108525	0.099210	0.093699	0.081290	0.073297	
0.094279	0.093878	0.082403	0.068832	0.067532	
0.098383	0.087851	0.079744	0.073429	0.065976	
0.096020	0.090350	0.081102	0.068098	0.066583	
-0.022887	-0.030869	-0.040107	-0.055830	-0.063894	
-0.013173	-0.024092	-0.031942	-0.035115	-0.054430	
-0.018527	-0.028873	-0.035926	-0.046783	-0.060292	
-0.021419	-0.030921	-0.039959	-0.048688	-0.061046	
-0.027724	-0.041587	-0.052549	-0.060332	-0.067655	
-0.041812	-0.055853	-0.070567	-0.075343	-0.086602	
0.152940	
0.171501	0.158796	0.142988	0.132086	0.132416	
0.155972	0.149003	0.140721	0.130553	0.128872	
0.150149	0.148416	0.137676	0.125618	0.120915	
0.145452	0.145200	0.134850	0.122433	0.112575	
0.146548	0.143639	0.132957	0.118140	0.099841	
0.172185	0.158356	0.137844	0.131518	0.106946	
0.173376	0.153972	0.147471	0.132163	0.119094	
0.171488	0.154311	0.140887	0.126989	0.115607	
0.172660	0.150696	0.145645	0.118908	0.119180	
0.172247	0.166549	0.149344	0.134893	0.116784	
0.168029	0.158759	0.132440	0.123888	0.115959	
0.178135	0.163257	0.143876	0.122211	0.109021	
0.172743	0.160576	0.133339	0.123267	0.102232	
0.157014	0.146352	0.125420	0.111918	0.098588	
0.162794	0.158609	0.146958	0.126486	0.114697	
0.172590	0.165190	0.141952	0.128447	0.119490	
0.168362	0.150677	0.134780	0.116632	0.115008	
-0.039195	-0.059470	-0.084477	-0.097009	-0.114375	
-0.032201	-0.052160	-0.065707	-0.079238	-0.097550	
-0.033847	-0.048714	-0.071960	-0.087890	-0.104991	
-0.035120	-0.054996	-0.069168	-0.083274	-0.104234	
-0.030182	-0.054419	-0.068299	-0.091906	-0.103066	
-0.057372	-0.065719	-0.085476	-0.104974	-0.126597	
0.210422	
0.232816	0.215680	0.195784	0.179702	0.182141	
0.216177	0.210566	0.193864	0.180521	0.176007	
0.209967	0.205481	0.189028	0.174247	0.164856	
0.196982	0.199719	0.188157	0.167726	0.156680	
0.201668	0.198006	0.182710	0.161443	0.134878	
0.203012	0.199114	0.165811	0.152408	0.140229	
0.219342	0.199864	0.192133	0.171767	0.157684	
0.219094	0.190832	0.183241	0.158700	0.146575	
0.240910	0.221903	0.200269	0.178252	0.165809	
0.234963	0.215092	0.188512	0.180122	0.163074	
0.229136	0.210154	0.192194	0.166875	0.162847	
0.213640	0.192241	0.177083	0.162616	0.144111	
0.220462	0.196221	0.176586	0.166746	0.145783	
0.209177	0.198197	0.175071	0.155664	0.153015	
0.234848	0.219597	0.200853	0.185275	0.167814	
0.237811	0.230712	0.211380	0.185757	0.161128	
0.250807	0.224548	0.211166	0.188932	0.172002	
-0.043945	-0.071677	-0.092839	-0.114883	-0.138150	
-0.017489	-0.058145	-0.070201	-0.094774	-0.121687	
-0.049518	-0.063369	-0.090353	-0.120085	-0.139123	
-0.045646	-0.071914	-0.090699	-0.111572	-0.135821	
-0.059295	-0.073928	-0.096032	-0.122570	-0.152959	
-0.070149	-0.099208	-0.114940	-0.143048	-0.174672	
0.139484	
0.153618	0.144266	0.133268	0.122020	0.123061	
0.148776	0.139978	0.130582	0.121033	0.118203	
0.138454	0.134870	0.127823	0.116426	0.113652	
0.134990	0.134933	0.124782	0.113428	0.102898	
0.134313	0.131004	0.121901	0.107438	0.091311	
0.141678	0.134764	0.122995	0.116067	0.095820	
0.142906	0.141662	0.120904	0.106169	0.099733	
0.154772	0.141992	0.126444	0.119222	0.100212	
0.141530	0.119891	0.110261	0.100292	0.092207	
0.162895	0.136755	0.129217	0.120661	0.113747	
0.143180	0.139527	0.122918	0.117418	0.107151	
0.144330	0.137102	0.125312	0.109189	0.104768	
0.163355	0.144010	0.126431	0.122887	0.108437	
0.140155	0.128320	0.118312	0.107927	0.093512	
0.154291	0.137850	0.130162	0.116115	0.101257	
0.149879	0.139728	0.134681	0.120273	0.107417	
0.149191	0.133280	0.120523	0.116951	0.107012	
-0.014566	-0.040671	-0.046115	-0.066148	-0.081758	
-0.031114	-0.040317	-0.058575	-0.071951	-0.089425	
-0.031382	-0.045616	-0.056886	-0.076806	-0.087206	
-0.027477	-0.051468	-0.057717	-0.081833	-0.090624	
-0.029748	-0.050389	-0.063250	-0.075954	-0.098021	
-0.032634	-0.054245	-0.070143	-0.087828	-0.100907	
0.127223	
0.139591	0.129398	0.120923	0.111202	0.112996	
0.132197	0.130805	0.118036	0.109227	0.107841	
0.124004	0.122785	0.114822	0.106737	0.102427	
0.122165	0.119293	0.112909	0.103229	0.096139	
0.122042	0.119247	0.113861	0.100748	0.086259	
0.126478	0.128516	0.113013	0.103158	0.090599	
0.120173	0.121922	0.107651	0.096431	0.082969	
0.123238	0.120475	0.093581	0.089536	0.087739	
0.155097	0.150233	0.127913	0.113987	0.103577	
0.129804	0.117778	0.105860	0.100096	0.088757	
0.132998	0.124991	0.103369	0.102422	0.097109	
0.122946	0.121597	0.110250	0.096985	0.093704	
0.123400	0.113289	0.102019	0.090034	0.084089	
0.147873	0.126948	0.119519	0.108170	0.099012	
0.140440	0.140523	0.117915	0.114009	0.102512	
0.146008	0.135104	0.112126	0.108773	0.100780	
0.143528	0.136498	0.125220	0.116638	0.098025	
-0.013277	-0.039542	-0.051641	-0.058495	-0.070963	
-0.014283	-0.036103	-0.048688	-0.060918	-0.076810	
-0.027013	-0.042506	-0.056703	-0.066185	-0.082406	
-0.032838	-0.049068	-0.057003	-0.069137	-0.087192	
-0.029604	-0.045707	-0.056980	-0.073236	-0.087575	
-0.032684	-0.049288	-0.059477	-0.075612	-0.087054	
