4.316847	
4.456187	4.326274	4.114020	3.994073	4.093797	
4.269834	4.195950	4.109759	3.930114	4.010015	
4.137146	4.160657	4.030211	3.870427	3.874947	
4.012895	4.091260	3.990038	3.802809	3.724537	
4.003844	4.047405	3.957612	3.718579	3.492031	
2.987269	2.802827	2.616159	2.407212	2.272819	
2.939012	2.730639	2.529337	2.343863	2.208992	
2.856186	2.629269	2.438816	2.236800	2.118243	
2.723808	2.599163	2.388196	2.165714	2.064338	
2.820286	2.629134	2.450019	2.203900	2.084610	
2.827614	2.629479	2.405456	2.250289	2.122223	
2.743458	2.560429	2.309473	2.153054	2.003049	
2.766205	2.567455	2.365683	2.130904	2.042777	
2.855906	2.661468	2.502424	2.317255	2.175812	
2.741146	2.603844	2.384769	2.212149	2.058201	
2.724682	2.624228	2.402313	2.213502	2.093082	
2.728089	2.646389	2.407461	2.157797	2.102723	
1.343982	1.040950	0.697383	0.389389	0.143800	
1.332401	0.984142	0.720910	0.357194	0.094870	
1.302768	1.016430	0.650615	0.321238	0.018101	
1.379642	1.017196	0.711925	0.395090	0.084457	
1.345365	0.992885	0.700670	0.355065	0.069229	
1.434026	1.066550	0.755997	0.438936	0.166320	
1.711775	
1.733069	1.706420	1.656944	1.603305	1.662228	
1.675467	1.684070	1.641542	1.593997	1.626406	
1.592420	1.640828	1.610171	1.547493	1.577431	
1.550537	1.610527	1.594370	1.533258	1.508365	
1.546173	1.593184	1.575232	1.492529	1.437234	
0.720773	0.644791	0.603650	0.551072	0.527268	
0.699899	0.669479	0.596136	0.554623	0.517147	
0.755672	0.750971	0.665685	0.604707	0.581823	
0.799014	0.767495	0.668552	0.617137	0.590095	
0.806436	0.781599	0.713089	0.630864	0.629395	
0.764332	0.726250	0.664482	0.605382	0.560822	
0.826210	0.769898	0.730468	0.664360	0.618164	
0.849216	0.815299	0.727055	0.661471	0.605940	
0.789570	0.719126	0.666668	0.609303	0.571190	
0.804684	0.736970	0.671753	0.608336	0.586518	
0.806173	0.750806	0.690791	0.640171	0.600887	
0.791578	0.755009	0.674193	0.624189	0.615491	
0.961168	0.873964	0.793575	0.683021	0.620181	
0.934692	0.853023	0.747740	0.690550	0.608986	
0.959349	0.889769	0.784060	0.706149	0.639248	
0.940329	0.857558	0.772637	0.676536	0.620999	
0.952298	0.868904	0.793859	0.711250	0.647525	
0.973592	0.864929	0.770670	0.695383	0.629362	
3.868198	
3.954880	3.829694	3.649345	3.522829	3.606432	
3.767002	3.755718	3.631040	3.492803	3.556858	
3.667223	3.695544	3.583811	3.417483	3.436767	
3.554229	3.627777	3.542264	3.367476	3.268571	
3.548310	3.596715	3.507081	3.281259	3.074591	
2.454468	2.370434	2.162508	1.975008	1.809467	
2.469077	2.365589	2.181355	2.026155	1.895258	
2.444278	2.354113	2.132915	1.971737	1.850469	
2.387866	2.270548	2.123000	1.896342	1.822385	
2.526394	2.354591	2.145200	1.998179	1.931300	
2.404137	2.298026	2.098272	1.930700	1.819527	
2.455365	2.305030	2.111280	1.909103	1.824171	
2.544000	2.410663	2.236559	2.005292	1.936108	
2.630557	2.450047	2.226927	2.078330	2.003764	
2.513719	2.400097	2.201672	1.995001	1.874452	
2.411494	2.262031	2.046920	1.876030	1.797910	
2.475161	2.318017	2.140828	1.997515	1.862560	
1.186467	0.866071	0.617994	0.318638	0.129554	
1.169032	0.936203	0.653082	0.388863	0.131584	
1.235059	0.931130	0.643571	0.389655	0.187530	
1.179135	0.892307	0.636353	0.387713	0.122743	
1.200153	0.921493	0.645553	0.376136	0.124670	
1.185466	0.870393	0.627094	0.301546	0.084343	
2.200242	
2.275797	2.201508	2.094286	2.039099	2.085373	
2.167997	2.147392	2.083812	2.018177	2.041171	
2.100562	2.122545	2.053929	1.966120	1.976657	
2.055228	2.083259	2.031819	1.930035	1.889351	
2.028073	2.068742	2.019420	1.906070	1.769058	
1.601792	1.476264	1.364246	1.265586	1.188406	
1.594887	1.486177	1.313434	1.235845	1.174925	
1.601289	1.490063	1.355700	1.219282	1.157654	
1.579712	1.499567	1.340401	1.205779	1.162535	
1.493260	1.432575	1.294091	1.187074	1.118416	
1.539759	1.447555	1.331299	1.192266	1.130485	
1.577592	1.469933	1.338273	1.207567	1.137197	
1.501489	1.414108	1.306035	1.153384	1.120715	
1.395169	1.296851	1.180857	1.078764	1.014382	
1.491157	1.360212	1.242475	1.154427	1.103702	
1.562961	1.468974	1.362494	1.258096	1.168858	
1.478232	1.395953	1.299495	1.159060	1.119298	
0.607391	0.410891	0.264319	0.081114	-0.098817	
0.530981	0.388534	0.201713	0.047408	-0.103395	
0.563976	0.356730	0.202921	0.047093	-0.078613	
0.570927	0.386985	0.224157	0.089589	-0.099542	
0.556959	0.394604	0.263848	0.084830	-0.081702	
0.627259	0.444893	0.266068	0.067770	-0.083959	
1.627647	
1.663948	1.619243	1.539646	1.474124	1.501957	
1.604888	1.591216	1.515013	1.455718	1.472085	
1.545721	1.552033	1.503645	1.423045	1.422498	
1.493911	1.534142	1.483417	1.402241	1.356721	
1.494304	1.518875	1.465591	1.354386	1.271180	
1.328554	1.282690	1.185204	1.067862	1.023063	
1.167580	1.099610	1.023419	0.957221	0.904020	
1.193447	1.163744	1.063144	0.964309	0.936689	
1.232504	1.137423	1.052955	1.011241	0.912731	
1.146353	1.137751	1.028876	0.954870	0.904847	
1.173592	1.112936	0.980296	0.934900	0.865693	
1.155784	1.099194	1.019361	0.957842	0.891732	
1.173689	1.116278	1.028093	0.967028	0.893100	
1.143581	1.096829	0.997653	0.927645	0.881929	
1.149348	1.112637	1.028789	0.946786	0.886721	
1.144470	1.096505	0.999550	0.919169	0.899788	
1.159800	1.076377	1.037911	0.953083	0.917082	
0.337191	0.179098	0.070227	-0.061370	-0.171700	
0.329928	0.176062	0.056955	-0.087048	-0.187671	
0.307736	0.176646	0.040529	-0.077585	-0.200552	
0.254908	0.139235	0.022660	-0.137050	-0.232994	
0.300575	0.142022	0.018265	-0.099766	-0.228640	
0.263610	0.156542	0.028228	-0.136498	-0.247398	
2.140578	
2.200321	2.117966	2.027050	1.960593	1.996752	
2.108521	2.081236	2.016630	1.942801	1.960986	
2.039985	2.042106	1.989977	1.897549	1.893656	
1.981465	2.025209	1.964573	1.869773	1.809361	
1.976215	1.997287	1.940909	1.822683	1.710442	
1.536482	1.416787	1.367848	1.209404	1.131271	
1.591765	1.506206	1.351863	1.240550	1.209354	
1.476598	1.385549	1.272921	1.157758	1.056345	
1.502095	1.398912	1.287402	1.198339	1.067046	
1.449761	1.369409	1.226973	1.138852	1.066284	
1.514486	1.419964	1.265096	1.190929	1.115802	
1.481230	1.340652	1.238588	1.156039	1.067631	
1.424482	1.323313	1.212382	1.133941	1.033425	
1.452266	1.315586	1.200192	1.146075	1.027685	
1.484215	1.396445	1.298162	1.159926	1.083156	
1.469884	1.379559	1.273027	1.151316	1.104488	
1.401889	1.343965	1.229485	1.142837	1.050924	
0.580394	0.407654	0.261085	0.069249	-0.105656	
0.531532	0.338495	0.174793	0.035802	-0.133280	
0.549307	0.378459	0.237504	0.053625	-0.115060	
0.575591	0.411463	0.235685	0.077606	-0.086226	
0.547499	0.383627	0.211912	0.037315	-0.115474	
0.569796	0.405436	0.242084	0.048928	-0.081235	
1.517966	
1.560434	1.513663	1.426852	1.370239	1.403000	
1.495965	1.486626	1.422914	1.363833	1.386464	
1.452891	1.454625	1.398925	1.328081	1.320298	
1.388963	1.426195	1.387129	1.308292	1.261356	
1.397284	1.420642	1.378347	1.269885	1.177271	
1.084619	1.025679	0.968196	0.887578	0.852004	
1.091639	1.023698	0.930045	0.853055	0.815367	
1.085360	1.026452	0.958156	0.885980	0.823371	
1.102846	1.007216	0.932966	0.816758	0.800559	
1.090055	1.035839	0.951505	0.885803	0.815500	
1.059974	1.016056	0.916309	0.851334	0.815475	
1.089108	1.010649	0.960896	0.896913	0.838175	
1.107740	1.074013	0.977264	0.888510	0.857167	
1.092163	1.025224	0.930992	0.855772	0.804924	
1.076796	1.021777	0.913424	0.836516	0.816191	
1.068451	0.990546	0.894941	0.845817	0.779741	
1.073416	1.028043	0.939552	0.862162	0.800896	
0.361497	0.208367	0.114360	-0.021922	-0.128005	
0.322385	0.205359	0.101909	-0.006828	-0.117946	
0.345022	0.217385	0.101318	-0.034814	-0.135256	
0.340175	0.200592	0.123853	-0.019136	-0.159949	
0.336113	0.179563	0.066131	-0.050148	-0.148823	
0.268795	0.112317	0.012373	-0.123918	-0.215325	
0.751803	
0.777267	0.744682	0.720174	0.710003	0.739088	
0.737273	0.741148	0.721261	0.703777	0.726798	
0.718991	0.731018	0.714335	0.689041	0.705393	
0.694485	0.725197	0.704205	0.679892	0.676325	
0.692579	0.713105	0.699875	0.668052	0.641531	
0.437863	0.429381	0.388149	0.345997	0.331196	
0.372699	0.366289	0.326963	0.301504	0.253720	
0.393178	0.393652	0.361232	0.334374	0.311377	
0.392839	0.362010	0.339218	0.292448	0.289111	
0.358022	0.320803	0.289040	0.258051	0.264370	
0.415385	0.389376	0.361693	0.341922	0.309619	
0.420039	0.383443	0.358407	0.337399	0.305360	
0.348189	0.370427	0.310105	0.289893	0.266508	
0.383117	0.381544	0.341238	0.290641	0.298436	
0.379797	0.353868	0.314610	0.308749	0.277566	
0.381835	0.364253	0.334734	0.299184	0.279096	
0.379177	0.363789	0.328798	0.293065	0.293223	
0.371120	0.329588	0.279417	0.211953	0.187692	
0.361410	0.309108	0.265164	0.211099	0.157501	
0.358419	0.326171	0.271404	0.227415	0.194017	
0.375707	0.331925	0.282173	0.208225	0.170016	
0.380906	0.335969	0.290118	0.226834	0.185198	
0.418460	0.359623	0.314761	0.267649	0.221371	
1.276444	
1.320160	1.278002	1.224100	1.178773	1.214439	
1.260706	1.253831	1.209816	1.167560	1.188894	
1.215435	1.232091	1.190383	1.146499	1.148134	
1.178432	1.213592	1.181033	1.126732	1.101367	
1.188420	1.203433	1.169821	1.104092	1.026073	
0.893768	0.873839	0.787698	0.733199	0.667715	
0.832577	0.792473	0.763736	0.674505	0.626384	
0.894076	0.823917	0.755196	0.695640	0.649581	
0.937962	0.876563	0.791512	0.729758	0.699116	
0.856358	0.797200	0.735344	0.700023	0.639611	
0.913345	0.851715	0.772839	0.713637	0.694944	
0.819297	0.785958	0.736480	0.648714	0.639216	
0.868880	0.801011	0.711859	0.673079	0.635019	
0.848731	0.800274	0.730235	0.656891	0.633753	
0.845498	0.804699	0.741264	0.693371	0.621824	
0.849055	0.825672	0.755215	0.686493	0.634542	
0.875081	0.799368	0.742059	0.677440	0.661283	
0.378846	0.242057	0.162781	0.063343	-0.008475	
0.360251	0.244929	0.165793	0.068424	-0.023479	
0.321924	0.229773	0.138368	0.032955	-0.039876	
0.335305	0.236497	0.143811	0.035585	-0.031584	
0.356021	0.256194	0.165918	0.062327	-0.030335	
0.348939	0.272428	0.153126	0.046833	-0.033972	
0.461918	
0.476705	0.467548	0.434618	0.418834	0.434938	
0.458658	0.456476	0.434206	0.414291	0.422414	
0.443893	0.444478	0.423298	0.401592	0.407655	
0.431544	0.440785	0.427812	0.395797	0.386388	
0.423576	0.431836	0.422033	0.391957	0.360245	
0.371990	0.335813	0.300426	0.279551	0.259327	
0.364953	0.346991	0.308453	0.280475	0.270621	
0.408681	0.375337	0.356010	0.322111	0.291985	
0.396103	0.352279	0.320432	0.289757	0.274710	
0.369284	0.348504	0.309111	0.273545	0.261259	
0.402721	0.361097	0.335994	0.323933	0.299860	
0.418107	0.377196	0.351959	0.302459	0.276003	
0.423113	0.400498	0.357060	0.323111	0.316306	
0.359067	0.319424	0.305894	0.277441	0.262517	
0.385962	0.368861	0.337488	0.328086	0.277084	
0.363446	0.339009	0.299406	0.265617	0.255429	
0.350376	0.323492	0.279867	0.266661	0.253441	
0.067351	0.022991	-0.013200	-0.058977	-0.099875	
0.042525	0.001266	-0.026481	-0.080974	-0.109800	
0.040260	-0.011383	-0.043709	-0.078222	-0.114285	
0.031064	0.001914	-0.032888	-0.079131	-0.124547	
0.028212	-0.009868	-0.045254	-0.088240	-0.129536	
0.070890	0.001700	-0.022273	-0.090258	-0.115270	
0.405803	
0.426348	0.403016	0.382501	0.360642	0.371773	
0.402686	0.397512	0.375437	0.358304	0.363667	
0.381389	0.391518	0.371463	0.347331	0.347856	
0.376022	0.382522	0.368681	0.341837	0.329056	
0.372116	0.377991	0.363969	0.333326	0.310816	
0.332477	0.309421	0.302620	0.275780	0.234758	
0.366247	0.342546	0.308163	0.282947	0.271579	
0.331830	0.323173	0.267352	0.259520	0.239448	
0.345970	0.333271	0.311563	0.300952	0.273154	
0.349912	0.326275	0.295543	0.274831	0.250334	
0.326268	0.306909	0.270898	0.242934	0.220220	
0.365042	0.334170	0.315526	0.277900	0.259012	
0.316606	0.310149	0.268180	0.250104	0.218859	
0.341807	0.316238	0.279107	0.260905	0.246533	
0.318511	0.309807	0.289417	0.255789	0.235541	
0.367434	0.334217	0.314441	0.284993	0.265747	
0.328975	0.304866	0.280265	0.256285	0.246541	
0.031673	-0.016703	-0.041862	-0.084823	-0.117453	
0.019571	-0.015811	-0.057260	-0.094204	-0.106214	
0.025614	-0.015921	-0.050125	-0.092783	-0.127114	
0.024905	-0.013281	-0.049777	-0.082887	-0.123243	
0.022100	-0.017320	-0.054904	-0.095188	-0.123054	
0.021195	-0.018197	-0.047915	-0.084607	-0.122511	
0.392076	
0.409626	0.395501	0.368645	0.356285	0.367101	
0.390473	0.382267	0.366608	0.351901	0.358879	
0.382839	0.382727	0.360392	0.340550	0.346531	
0.363908	0.371534	0.358448	0.340009	0.328442	
0.360164	0.361360	0.355710	0.329018	0.306326	
0.340246	0.319811	0.298025	0.252129	0.238232	
0.329016	0.329371	0.298858	0.259460	0.238292	
0.325646	0.290190	0.261917	0.233838	0.246279	
0.311532	0.290470	0.265030	0.246847	0.232796	
0.323117	0.301435	0.269528	0.235656	0.210506	
0.316821	0.295245	0.273613	0.232805	0.220104	
0.307982	0.293342	0.249671	0.229458	0.208445	
0.319289	0.284926	0.249749	0.229207	0.214118	
0.349979	0.341586	0.310773	0.282911	0.260134	
0.330226	0.302897	0.267704	0.245067	0.237009	
0.340772	0.319969	0.290841	0.269678	0.256501	
0.315024	0.280777	0.264952	0.221545	0.215286	
0.034980	0.007338	-0.030604	-0.073347	-0.100460	
0.049975	0.011928	-0.006233	-0.065961	-0.094310	
0.048335	0.006358	-0.021740	-0.073934	-0.108531	
0.050293	0.023604	-0.021279	-0.062362	-0.088722	
0.035699	0.001539	-0.036789	-0.075626	-0.100775	
0.035388	-0.014785	-0.041723	-0.091039	-0.115735	
0.667183	
0.703166	0.676357	0.627464	0.586426	0.601595	
0.659576	0.650551	0.618902	0.573012	0.586633	
0.634228	0.642753	0.609950	0.562144	0.563428	
0.609637	0.631068	0.601340	0.548826	0.533522	
0.608157	0.616182	0.600142	0.539025	0.487571	
0.605486	0.594829	0.505414	0.483548	0.459603	
0.609925	0.555163	0.500885	0.480475	0.442133	
0.563770	0.551214	0.498723	0.459785	0.424819	
0.533377	0.500741	0.458321	0.393841	0.384581	
0.551623	0.519880	0.466861	0.441678	0.395437	
0.575608	0.551319	0.489443	0.479196	0.430122	
0.551125	0.532313	0.480323	0.422214	0.391757	
0.554364	0.548935	0.485104	0.439822	0.416969	
0.595868	0.559855	0.511749	0.493809	0.448836	
0.573787	0.539857	0.478444	0.473484	0.419819	
0.571431	0.547001	0.513453	0.446128	0.447647	
0.588045	0.534129	0.498255	0.475364	0.451293	
0.033897	-0.043159	-0.093690	-0.164826	-0.213391	
0.027402	-0.037408	-0.095205	-0.179595	-0.214324	
0.014305	-0.055934	-0.127329	-0.193926	-0.245764	
0.007609	-0.051226	-0.120575	-0.200484	-0.234392	
0.010989	-0.060301	-0.119852	-0.191185	-0.246460	
0.017464	-0.065914	-0.121053	-0.192500	-0.258805	
0.694219	
0.722710	0.695875	0.656931	0.605848	0.627003	
0.682507	0.685787	0.641425	0.597857	0.612426	
0.665361	0.676135	0.641404	0.588445	0.589861	
0.642576	0.659730	0.631736	0.576219	0.547039	
0.638108	0.648118	0.616803	0.560043	0.493945	
0.654380	0.608355	0.573462	0.551201	0.506033	
0.615526	0.618943	0.556503	0.513434	0.497920	
0.599156	0.580003	0.510715	0.500094	0.471143	
0.642098	0.611320	0.555371	0.522860	0.479221	
0.598738	0.573221	0.514659	0.463094	0.431088	
0.646795	0.602460	0.555496	0.539576	0.480707	
0.571815	0.548467	0.483182	0.456013	0.435660	
0.574623	0.532370	0.475592	0.457896	0.407069	
0.603544	0.571160	0.520300	0.499433	0.454444	
0.577980	0.562834	0.512524	0.472353	0.430311	
0.596333	0.589858	0.520730	0.494092	0.467257	
0.591872	0.599790	0.530236	0.476651	0.451288	
0.011082	-0.046265	-0.098214	-0.182109	-0.234427	
-0.000123	-0.054035	-0.113425	-0.200439	-0.240382	
-0.032379	-0.100553	-0.153770	-0.240802	-0.304543	
0.006635	-0.070851	-0.129684	-0.210149	-0.260689	
-0.035735	-0.080288	-0.170226	-0.244693	-0.296545	
-0.025439	-0.110989	-0.163584	-0.237178	-0.307379	
0.537425	
0.581412	0.546445	0.504897	0.476185	0.489671	
0.548104	0.534777	0.503400	0.471233	0.474220	
0.523300	0.518157	0.496825	0.450671	0.453614	
0.495223	0.511747	0.488589	0.443051	0.425314	
0.500337	0.508913	0.481743	0.427735	0.389515	
0.441928	0.428611	0.387998	0.357815	0.357379	
0.458223	0.431939	0.381731	0.368294	0.343315	
0.522603	0.467066	0.452481	0.400873	0.376372	
0.457954	0.428943	0.367368	0.335912	0.307181	
0.460342	0.446904	0.415533	0.380810	0.344478	
0.485632	0.450442	0.418024	0.370770	0.343530	
0.474327	0.434183	0.409831	0.368237	0.333247	
0.496426	0.443743	0.417844	0.379777	0.351159	
0.466631	0.448718	0.402823	0.365336	0.353410	
0.479397	0.441507	0.411162	0.384042	0.352357	
0.443924	0.424177	0.380676	0.359188	0.329510	
0.475447	0.434719	0.413625	0.365780	0.342078	
0.020618	-0.035020	-0.084409	-0.139091	-0.169733	
0.015578	-0.033592	-0.078620	-0.125461	-0.179768	
0.003902	-0.040515	-0.098523	-0.139966	-0.193495	
0.016028	-0.050979	-0.096204	-0.151504	-0.201684	
-0.005399	-0.074290	-0.127291	-0.167775	-0.221626	
-0.020473	-0.055808	-0.110519	-0.177177	-0.208601	
0.491954	
0.518761	0.498930	0.464198	0.437737	0.455424	
0.504783	0.484669	0.460057	0.435477	0.444291	
0.475515	0.475535	0.452860	0.421522	0.424286	
0.464792	0.469944	0.448447	0.417410	0.395774	
0.461016	0.465057	0.442430	0.405111	0.371973	
0.442781	0.438929	0.388270	0.346265	0.319226	
0.441277	0.397502	0.370456	0.346732	0.307796	
0.425360	0.412253	0.361498	0.317401	0.318538	
0.405420	0.385334	0.354371	0.316481	0.312959	
0.432465	0.416272	0.361742	0.331718	0.327783	
0.399842	0.388651	0.343372	0.326488	0.314704	
0.406549	0.391591	0.351205	0.326744	0.295799	
0.402736	0.371600	0.333225	0.309126	0.280739	
0.439575	0.419430	0.386801	0.339208	0.344752	
0.406969	0.386033	0.351991	0.300462	0.287243	
0.384411	0.369223	0.340378	0.299356	0.278423	
0.426096	0.379361	0.348377	0.308447	0.298501	
0.037826	-0.006676	-0.057376	-0.111056	-0.135763	
0.031120	-0.019473	-0.063654	-0.113805	-0.143709	
0.028481	-0.022143	-0.075785	-0.120157	-0.166687	
0.022063	-0.020342	-0.064939	-0.123101	-0.157465	
0.016771	-0.024607	-0.079293	-0.126619	-0.166512	
0.042587	-0.018270	-0.056187	-0.108910	-0.141933	
0.400889	
0.428502	0.405195	0.381592	0.371957	0.389024	
0.393325	0.398517	0.378394	0.366089	0.375307	
0.388206	0.392200	0.374580	0.359117	0.363138	
0.373659	0.385754	0.369256	0.352527	0.349166	
0.368162	0.381452	0.369252	0.346017	0.322644	
0.352496	0.317188	0.316149	0.276107	0.273076	
0.383910	0.350708	0.315957	0.277743	0.263589	
0.327698	0.302599	0.266207	0.232182	0.219662	
0.307995	0.296664	0.277764	0.255441	0.234400	
0.323694	0.304766	0.274240	0.234982	0.230629	
0.317702	0.296988	0.264174	0.220745	0.237708	
0.345636	0.301791	0.288754	0.262052	0.243908	
0.321079	0.307708	0.285998	0.250556	0.232335	
0.290398	0.274589	0.255417	0.235148	0.219101	
0.302393	0.284824	0.253413	0.234226	0.220470	
0.296791	0.278311	0.255745	0.241819	0.217478	
0.319429	0.293553	0.282035	0.245263	0.245316	
0.060371	0.023845	-0.009885	-0.041204	-0.064993	
0.039228	0.000496	-0.029025	-0.066572	-0.092710	
0.051604	0.012754	-0.024130	-0.069099	-0.086153	
0.051333	0.020465	-0.025779	-0.058392	-0.091303	
0.052934	0.023351	-0.019534	-0.053573	-0.085368	
0.080099	0.032309	0.000237	-0.026168	-0.064650	
0.362779	
0.379226	0.361530	0.341850	0.325655	0.335152	
0.360211	0.347623	0.338419	0.323673	0.328204	
0.342296	0.348560	0.333255	0.316786	0.318643	
0.329763	0.340462	0.331318	0.306192	0.296139	
0.339388	0.341365	0.327637	0.303792	0.277509	
0.322941	0.313178	0.272536	0.254523	0.241015	
0.278498	0.271277	0.239786	0.226717	0.213681	
0.326343	0.306645	0.268101	0.253433	0.228761	
0.309637	0.284192	0.261124	0.237293	0.214719	
0.334872	0.309861	0.294431	0.270518	0.262444	
0.265982	0.246017	0.224729	0.192011	0.191469	
0.278916	0.258199	0.229763	0.205085	0.206800	
0.308431	0.297675	0.263493	0.252776	0.235546	
0.295979	0.278619	0.268166	0.235333	0.216375	
0.321325	0.295852	0.264166	0.244186	0.219651	
0.296900	0.281189	0.246184	0.216220	0.227101	
0.247245	0.245951	0.216938	0.186179	0.177304	
0.039160	0.008964	-0.019196	-0.057373	-0.082227	
0.021345	-0.013853	-0.032451	-0.083083	-0.106344	
0.033241	-0.003814	-0.043550	-0.070837	-0.094599	
0.020972	-0.011945	-0.042499	-0.079773	-0.099994	
0.033597	0.007205	-0.024485	-0.057572	-0.081897	
0.031362	-0.001464	-0.035355	-0.076325	-0.107600	
0.392267	
0.420384	0.396357	0.364570	0.347651	0.363319	
0.393812	0.390804	0.367210	0.347036	0.355867	
0.381936	0.377065	0.364457	0.336856	0.338516	
0.365429	0.373965	0.357185	0.330847	0.317736	
0.359559	0.367765	0.357457	0.321324	0.288638	
0.325485	0.294497	0.270552	0.236921	0.219873	
0.360650	0.359072	0.321325	0.280941	0.266728	
0.310284	0.304793	0.247334	0.241441	0.230181	
0.328828	0.312135	0.271844	0.244755	0.228646	
0.327055	0.300249	0.260900	0.239783	0.225824	
0.332294	0.302444	0.268374	0.232557	0.205266	
0.359924	0.312944	0.286262	0.266604	0.235594	
0.336363	0.326138	0.300251	0.265103	0.240648	
0.346639	0.329093	0.284187	0.266668	0.270451	
0.349999	0.316446	0.277601	0.258568	0.242450	
0.344549	0.321289	0.294270	0.251308	0.237919	
0.349478	0.312511	0.285678	0.263489	0.250843	
0.035203	-0.007034	-0.043471	-0.080361	-0.105260	
0.026008	-0.014079	-0.043826	-0.082321	-0.126104	
0.030970	-0.003462	-0.047025	-0.083359	-0.103893	
0.015149	-0.018280	-0.052510	-0.095480	-0.135270	
0.024158	-0.014250	-0.052148	-0.095461	-0.134819	
0.019075	-0.018951	-0.055808	-0.093584	-0.133446	
0.283053	
0.296909	0.285798	0.270519	0.258682	0.265177	
0.281313	0.279742	0.268222	0.253530	0.259837	
0.277195	0.276709	0.259966	0.250527	0.247983	
0.260424	0.266596	0.255191	0.242350	0.238042	
0.258737	0.262463	0.256626	0.234586	0.216017	
0.226632	0.212365	0.184477	0.165251	0.150774	
0.221531	0.211417	0.201644	0.174454	0.168052	
0.232545	0.229377	0.196571	0.178720	0.170324	
0.239101	0.219724	0.188587	0.185227	0.159036	
0.215102	0.199267	0.182473	0.162405	0.166981	
0.249585	0.221579	0.213755	0.181567	0.172528	
0.231638	0.205665	0.182894	0.170273	0.142381	
0.222919	0.212690	0.205058	0.180535	0.167370	
0.235230	0.221337	0.184911	0.181542	0.172221	
0.223464	0.211653	0.196919	0.182079	0.149635	
0.215242	0.189778	0.172324	0.151780	0.134345	
0.206301	0.197400	0.170593	0.167901	0.155334	
0.039303	0.017043	-0.012130	-0.039375	-0.057620	
0.024394	0.004999	-0.007337	-0.037357	-0.055584	
0.036541	0.002587	-0.020717	-0.037400	-0.058425	
0.041817	0.021363	-0.006454	-0.022194	-0.046564	
0.036405	0.016319	-0.010178	-0.031082	-0.059426	
0.040300	0.012776	-0.014879	-0.033175	-0.055124	
0.716009	
0.768000	0.723347	0.660457	0.609066	0.624409	
0.713048	0.700272	0.650217	0.602732	0.609019	
0.684733	0.683247	0.644949	0.579525	0.581690	
0.656333	0.665960	0.634447	0.573726	0.534292	
0.652935	0.660930	0.627180	0.555638	0.486860	
0.612777	0.579185	0.538339	0.476410	0.431317	
0.642662	0.592520	0.546603	0.468216	0.464135	
0.642113	0.590288	0.546782	0.485804	0.470001	
0.625952	0.598025	0.557522	0.484837	0.455856	
0.697900	0.644289	0.567865	0.528406	0.501893	
0.656887	0.625907	0.558011	0.527728	0.488243	
0.683234	0.612717	0.559309	0.494551	0.461033	
0.674273	0.636962	0.575436	0.492902	0.476445	
0.716276	0.661133	0.585109	0.536175	0.520922	
0.690137	0.629903	0.566247	0.511163	0.476721	
0.651731	0.580765	0.528356	0.493989	0.449109	
0.682609	0.632753	0.571490	0.530220	0.494683	
-0.032415	-0.108636	-0.167103	-0.238614	-0.294742	
-0.015622	-0.084769	-0.156182	-0.216659	-0.285762	
-0.029472	-0.106515	-0.163526	-0.244050	-0.317215	
-0.041620	-0.098683	-0.166285	-0.244100	-0.307332	
-0.066823	-0.139834	-0.204815	-0.271289	-0.341872	
-0.073821	-0.171681	-0.218202	-0.301964	-0.365574	
0.262276	
0.280147	0.263653	0.246491	0.236476	0.241458	
0.261192	0.262166	0.246399	0.231994	0.238999	
0.250311	0.252456	0.242381	0.226335	0.226778	
0.246280	0.250064	0.236795	0.219726	0.215313	
0.239941	0.244957	0.234385	0.214495	0.196281	
0.251300	0.240642	0.219770	0.195476	0.184005	
0.262100	0.250275	0.226392	0.205590	0.195597	
0.279736	0.269110	0.236573	0.216811	0.219128	
0.284738	0.262348	0.235531	0.194224	0.195717	
0.232565	0.223733	0.205754	0.189106	0.171402	
0.226893	0.224190	0.187584	0.179184	0.163023	
0.244225	0.225205	0.198233	0.174486	0.168184	
0.229620	0.223141	0.192690	0.168056	0.175332	
0.205612	0.189507	0.181919	0.161471	0.139801	
0.255386	0.227771	0.195493	0.197270	0.172552	
0.264224	0.233144	0.215242	0.202130	0.179124	
0.243237	0.237556	0.218566	0.202357	0.187642	
-0.009727	-0.031700	-0.052517	-0.089798	-0.109328	
-0.006684	-0.036905	-0.064768	-0.096808	-0.113791	
-0.021943	-0.045638	-0.071393	-0.090094	-0.118708	
-0.011000	-0.034531	-0.070785	-0.103613	-0.124461	
-0.021994	-0.054741	-0.077803	-0.097215	-0.128906	
-0.021750	-0.038644	-0.072552	-0.103752	-0.122206	
0.353942	
0.373349	0.359579	0.328256	0.306801	0.315747	
0.355328	0.346469	0.323787	0.301986	0.308785	
0.341742	0.342767	0.323588	0.294660	0.295399	
0.326400	0.335293	0.319555	0.289142	0.274829	
0.327497	0.330134	0.313184	0.280508	0.251911	
0.359778	0.353529	0.314479	0.286682	0.268038	
0.346238	0.333962	0.299484	0.265211	0.251305	
0.343384	0.315523	0.297949	0.251255	0.236447	
0.307048	0.313963	0.264046	0.237117	0.234623	
0.334286	0.304133	0.278991	0.254820	0.245811	
0.309599	0.298258	0.278932	0.218158	0.219734	
0.389659	0.351781	0.337630	0.301223	0.277238	
0.361346	0.344729	0.314142	0.286992	0.266465	
0.345361	0.312471	0.280091	0.255563	0.228935	
0.314566	0.293241	0.274550	0.238391	0.239917	
0.351358	0.316913	0.302262	0.274676	0.252563	
0.349538	0.330038	0.301979	0.261348	0.256168	
-0.027457	-0.073213	-0.104239	-0.149629	-0.182952	
-0.034932	-0.084798	-0.114455	-0.155379	-0.171414	
-0.036812	-0.082009	-0.114163	-0.144402	-0.179356	
-0.036883	-0.080296	-0.107298	-0.146488	-0.182150	
-0.047242	-0.065813	-0.099624	-0.131919	-0.166212	
-0.048774	-0.092914	-0.122786	-0.164432	-0.194997	
0.256669	
0.272799	0.260336	0.238923	0.225060	0.232298	
0.250945	0.254092	0.231658	0.221523	0.223994	
0.242801	0.247972	0.231141	0.215774	0.216984	
0.235923	0.241732	0.230271	0.210236	0.200207	
0.235629	0.243204	0.228240	0.204563	0.184721	
0.248304	0.232538	0.223430	0.198642	0.182783	
0.256244	0.232117	0.203763	0.201396	0.187660	
0.239704	0.225077	0.214318	0.195640	0.172246	
0.244551	0.221943	0.196144	0.192779	0.181484	
0.244349	0.219308	0.187391	0.197442	0.185022	
0.242609	0.238103	0.199397	0.172683	0.169104	
0.235109	0.228382	0.216946	0.178870	0.169281	
0.227574	0.222315	0.191380	0.183254	0.160106	
0.232673	0.215753	0.197872	0.179894	0.177295	
0.253049	0.226057	0.205676	0.191289	0.172356	
0.247783	0.230940	0.223817	0.188420	0.175528	
0.243026	0.223563	0.209227	0.187120	0.169845	
-0.014654	-0.036271	-0.061401	-0.092566	-0.111119	
-0.010541	-0.036491	-0.063589	-0.090385	-0.105291	
-0.029974	-0.060123	-0.080867	-0.103332	-0.125389	
-0.022893	-0.053061	-0.075771	-0.102523	-0.126418	
-0.024080	-0.050976	-0.071645	-0.092703	-0.116663	
-0.029756	-0.052822	-0.080984	-0.109274	-0.142445	
0.183980	
0.197999	0.186991	0.171437	0.167745	0.171896	
0.180986	0.185550	0.174333	0.166949	0.167551	
0.175087	0.176151	0.172046	0.160809	0.159219	
0.168400	0.172821	0.167324	0.155583	0.147898	
0.166370	0.170189	0.163553	0.152964	0.139650	
0.166583	0.155172	0.125196	0.137126	0.112342	
0.170575	0.160703	0.141334	0.134928	0.128024	
0.160461	0.147413	0.129666	0.117206	0.116789	
0.168952	0.161480	0.156723	0.116651	0.125829	
0.185966	0.155926	0.154791	0.146160	0.130746	
0.193780	0.189561	0.163314	0.152461	0.141583	
0.172781	0.155965	0.150505	0.141755	0.123358	
0.174549	0.164709	0.131223	0.128570	0.120751	
0.165846	0.149333	0.127109	0.127997	0.114313	
0.163162	0.150364	0.135478	0.135250	0.116767	
0.192172	0.178969	0.176490	0.162814	0.148213	
0.167044	0.153738	0.141761	0.133428	0.134724	
-0.009841	-0.024919	-0.046086	-0.063684	-0.074176	
-0.013333	-0.027723	-0.047643	-0.062459	-0.074965	
-0.013983	-0.028417	-0.056671	-0.068257	-0.086127	
-0.016780	-0.029690	-0.050172	-0.059121	-0.076205	
-0.010742	-0.029097	-0.045262	-0.059240	-0.080846	
-0.004909	-0.033324	-0.036001	-0.064367	-0.084397	
0.222862	
0.240940	0.225072	0.210522	0.200355	0.204084	
0.229190	0.221146	0.210799	0.197186	0.201873	
0.217473	0.218736	0.204047	0.192869	0.189857	
0.210568	0.211753	0.203145	0.189944	0.178375	
0.205345	0.210525	0.198998	0.179932	0.161067	
0.222131	0.193401	0.192305	0.171210	0.162726	
0.221211	0.206282	0.181555	0.164387	0.157026	
0.171480	0.166238	0.145640	0.131019	0.131091	
0.208558	0.187550	0.163701	0.142405	0.143795	
0.229799	0.211827	0.194763	0.180036	0.168151	
0.220837	0.191846	0.183802	0.165498	0.163098	
0.191449	0.186512	0.165602	0.152563	0.140383	
0.215511	0.202863	0.179093	0.162119	0.155139	
0.206915	0.173874	0.164569	0.148891	0.137100	
0.205433	0.204362	0.177026	0.165375	0.154047	
0.219112	0.197405	0.189052	0.165115	0.151130	
0.199915	0.188223	0.170009	0.154355	0.151975	
-0.001721	-0.027996	-0.045991	-0.078477	-0.091812	
-0.005383	-0.029196	-0.044782	-0.081259	-0.092212	
-0.006383	-0.029553	-0.051840	-0.083517	-0.095397	
-0.006204	-0.032634	-0.052660	-0.076766	-0.095536	
-0.011739	-0.041304	-0.061209	-0.086763	-0.098885	
-0.006182	-0.040852	-0.055074	-0.083265	-0.094050	
0.243589	
0.258400	0.245846	0.225148	0.215497	0.218318	
0.245730	0.239720	0.223238	0.212859	0.216872	
0.231822	0.232627	0.219269	0.209190	0.204857	
0.221576	0.231278	0.217361	0.200720	0.194630	
0.223674	0.228758	0.214593	0.198156	0.174319	
0.230372	0.216825	0.198461	0.191280	0.161229	
0.256196	0.252134	0.227248	0.213656	0.194975	
0.216656	0.212996	0.183580	0.169563	0.146479	
0.202370	0.182190	0.162607	0.154431	0.127147	
0.230834	0.216743	0.194082	0.166241	0.168946	
0.215310	0.196434	0.177226	0.171474	0.142929	
0.232121	0.202557	0.196691	0.174191	0.157605	
0.224279	0.215493	0.192508	0.169158	0.159586	
0.255554	0.233988	0.210713	0.194915	0.184261	
0.220054	0.213174	0.202460	0.161981	0.149926	
0.263458	0.264139	0.232632	0.218260	0.210593	
0.228486	0.203066	0.196345	0.170413	0.170772	
-0.002903	-0.030963	-0.053250	-0.080334	-0.102593	
-0.019246	-0.041518	-0.070303	-0.087116	-0.116425	
-0.031155	-0.048802	-0.076585	-0.101904	-0.127464	
-0.014100	-0.040338	-0.066890	-0.088857	-0.113868	
-0.029122	-0.046920	-0.071038	-0.102452	-0.123589	
-0.026696	-0.054591	-0.074905	-0.095665	-0.121852	
0.287000	
0.297523	0.284123	0.260074	0.242224	0.246692	
0.284646	0.277266	0.259551	0.241009	0.240042	
0.274616	0.272035	0.255435	0.233824	0.230842	
0.262716	0.265242	0.254662	0.230742	0.212819	
0.259531	0.263374	0.254124	0.218948	0.193004	
0.285867	0.263267	0.257299	0.220983	0.217160	
0.270295	0.249336	0.241421	0.214404	0.199276	
0.293746	0.257425	0.247173	0.215138	0.197515	
0.268148	0.239545	0.227388	0.212959	0.189757	
0.268750	0.248559	0.233634	0.225489	0.200371	
0.274414	0.261711	0.231672	0.211779	0.194689	
0.270363	0.255577	0.235974	0.209987	0.191115	
0.274020	0.253420	0.240185	0.210308	0.206903	
0.254245	0.239159	0.216506	0.200002	0.180167	
0.276525	0.255064	0.228763	0.211745	0.194865	
0.279916	0.256511	0.235648	0.212466	0.203274	
0.268518	0.262863	0.241813	0.221141	0.200827	
-0.026315	-0.046385	-0.078162	-0.114399	-0.139507	
-0.020086	-0.053507	-0.080110	-0.100303	-0.137918	
-0.038121	-0.073669	-0.088244	-0.135566	-0.148124	
-0.038279	-0.068467	-0.090298	-0.133620	-0.145937	
-0.044250	-0.076703	-0.111875	-0.147348	-0.158894	
-0.028995	-0.065364	-0.091190	-0.125562	-0.158339	
0.296208	
0.311434	0.299528	0.278273	0.257175	0.267505	
0.295923	0.291921	0.273481	0.255271	0.261518	
0.281992	0.285351	0.269937	0.248888	0.244845	
0.272877	0.279699	0.265732	0.246873	0.229956	
0.275040	0.277574	0.263448	0.236476	0.214265	
0.254694	0.255443	0.221818	0.201701	0.176134	
0.300586	0.276030	0.237144	0.220454	0.221062	
0.272530	0.253880	0.250724	0.214439	0.207164	
0.292294	0.270169	0.251213	0.233117	0.208316	
0.273406	0.239059	0.218759	0.199650	0.177917	
0.270697	0.264605	0.228423	0.211778	0.209216	
0.285203	0.262742	0.237699	0.215770	0.204035	
0.283203	0.275834	0.252121	0.221338	0.200346	
0.283461	0.254303	0.236391	0.218784	0.194067	
0.290536	0.267879	0.248776	0.209601	0.212120	
0.266400	0.235465	0.218136	0.197039	0.180457	
0.277631	0.268527	0.249399	0.230037	0.207034	
-0.002685	-0.034933	-0.065489	-0.103747	-0.131482	
-0.009999	-0.053069	-0.063117	-0.121028	-0.144643	
-0.020966	-0.048390	-0.076244	-0.119377	-0.138573	
-0.008254	-0.038158	-0.070173	-0.099672	-0.121606	
-0.029672	-0.056967	-0.083462	-0.115012	-0.140047	
-0.043460	-0.066856	-0.108616	-0.131854	-0.149763	
0.424398	
0.467791	0.438396	0.397395	0.351024	0.354510	
0.442267	0.424811	0.384056	0.345964	0.336387	
0.403363	0.403515	0.371162	0.329146	0.316176	
0.383716	0.394166	0.365198	0.317797	0.283917	
0.380485	0.382133	0.359253	0.302101	0.252916	
0.378137	0.354727	0.330749	0.284226	0.266814	
0.403460	0.394488	0.353725	0.307962	0.298670	
0.426281	0.391730	0.351903	0.305562	0.292595	
0.422651	0.414272	0.369860	0.313552	0.294905	
0.435905	0.404645	0.355623	0.323942	0.302238	
0.455482	0.426420	0.397913	0.342461	0.317164	
0.449533	0.418546	0.366266	0.328270	0.300321	
0.506004	0.459912	0.425624	0.375790	0.342903	
0.463803	0.429756	0.372591	0.341674	0.321268	
0.478481	0.451736	0.407934	0.346633	0.328911	
0.472278	0.430061	0.375875	0.361621	0.321765	
0.476036	0.447877	0.388063	0.374533	0.328027	
-0.082045	-0.118463	-0.157495	-0.219387	-0.249889	
-0.065929	-0.126410	-0.159674	-0.213441	-0.243555	
-0.089765	-0.139446	-0.166482	-0.235399	-0.275810	
-0.114173	-0.156299	-0.194054	-0.232710	-0.273798	
-0.115970	-0.153849	-0.204703	-0.264401	-0.299867	
-0.135827	-0.192745	-0.237263	-0.282255	-0.340572	
0.525649	
0.534282	0.517218	0.473458	0.431295	0.441023	
0.507813	0.509237	0.471932	0.429752	0.437226	
0.490719	0.491675	0.467572	0.414052	0.416977	
0.474690	0.488600	0.458328	0.409828	0.382349	
0.472822	0.474994	0.454158	0.395468	0.341602	
0.489605	0.485420	0.449393	0.421460	0.390504	
0.493685	0.461988	0.430471	0.418336	0.381471	
0.502037	0.490239	0.453111	0.411478	0.394718	
0.493197	0.478278	0.445242	0.412860	0.385165	
0.489800	0.465708	0.426528	0.390011	0.379803	
0.476726	0.473226	0.434296	0.405421	0.377243	
0.468717	0.449308	0.422655	0.392475	0.374232	
0.499696	0.461165	0.425282	0.410385	0.378968	
0.506924	0.489543	0.440788	0.419711	0.394504	
0.498042	0.483186	0.429881	0.420084	0.379813	
0.473597	0.452194	0.434101	0.389000	0.376292	
0.484394	0.457381	0.431213	0.402268	0.372582	
-0.079893	-0.141570	-0.191191	-0.247293	-0.287202	
-0.061469	-0.107283	-0.145186	-0.200333	-0.249225	
-0.070227	-0.119546	-0.169383	-0.227316	-0.253408	
-0.121435	-0.161397	-0.210759	-0.260249	-0.307134	
-0.104653	-0.134751	-0.197098	-0.244378	-0.295238	
-0.100816	-0.161691	-0.201995	-0.273246	-0.310433	
0.368679	
0.380674	0.364677	0.342026	0.319166	0.325276	
0.364017	0.358279	0.338948	0.313471	0.319363	
0.344532	0.350819	0.334022	0.306798	0.301394	
0.338867	0.345472	0.329389	0.298983	0.288170	
0.332069	0.339100	0.323777	0.290656	0.256534	
0.360139	0.326564	0.325268	0.283381	0.272917	
0.330930	0.328688	0.313812	0.288827	0.269123	
0.308305	0.283107	0.273649	0.244579	0.230503	
0.325855	0.318837	0.300075	0.264638	0.268750	
0.363775	0.353880	0.322848	0.295285	0.288771	
0.341448	0.323836	0.296961	0.295695	0.275504	
0.336568	0.315345	0.296437	0.260253	0.250873	
0.349605	0.327276	0.299155	0.267369	0.255963	
0.346983	0.317550	0.299419	0.263082	0.253479	
0.366150	0.367270	0.320503	0.313165	0.280093	
0.366695	0.350556	0.315492	0.274309	0.269705	
0.381464	0.359447	0.326459	0.301873	0.291602	
-0.052787	-0.084010	-0.112005	-0.148508	-0.173557	
-0.042836	-0.068268	-0.100548	-0.139861	-0.166825	
-0.039796	-0.078790	-0.113556	-0.156112	-0.178286	
-0.063453	-0.096523	-0.127231	-0.166945	-0.196407	
-0.036859	-0.072043	-0.116830	-0.156614	-0.186509	
-0.067483	-0.097581	-0.145778	-0.180225	-0.213323	
0.211783	
0.227261	0.215774	0.196485	0.181789	0.183908	
0.215247	0.213606	0.196321	0.178885	0.177423	
0.205167	0.204304	0.190019	0.170406	0.169169	
0.198735	0.198822	0.186947	0.167851	0.157792	
0.194807	0.195947	0.184731	0.163316	0.137569	
0.219092	0.200282	0.191027	0.167584	0.144076	
0.211350	0.201997	0.174787	0.162690	0.148898	
0.221134	0.210731	0.179545	0.163251	0.157775	
0.242062	0.211949	0.195012	0.174445	0.169722	
0.233367	0.213848	0.195354	0.175969	0.172140	
0.217866	0.197222	0.164869	0.156464	0.144551	
0.230455	0.209118	0.196645	0.188117	0.162211	
0.224669	0.207639	0.184764	0.171489	0.164520	
0.222931	0.215127	0.189205	0.170513	0.166616	
0.218008	0.210821	0.182419	0.167654	0.157499	
0.227679	0.230027	0.183246	0.178721	0.155208	
0.220971	0.196755	0.186270	0.165920	0.163497	
-0.034309	-0.052943	-0.087153	-0.109804	-0.130934	
-0.022365	-0.056853	-0.071112	-0.110397	-0.127557	
-0.031167	-0.058641	-0.085572	-0.106140	-0.139004	
-0.052103	-0.071736	-0.101390	-0.118472	-0.137138	
-0.057336	-0.081730	-0.110866	-0.130808	-0.158499	
-0.062051	-0.088494	-0.106098	-0.147926	-0.157671	
0.096408	
0.100188	0.094426	0.092118	0.087397	0.088484	
0.096065	0.093177	0.091123	0.085447	0.085909	
0.092353	0.090056	0.088266	0.083492	0.083281	
0.090375	0.091015	0.087393	0.081341	0.078333	
0.089777	0.090684	0.087775	0.080061	0.071329	
0.097041	0.094534	0.090523	0.076329	0.078918	
0.081574	0.087005	0.077973	0.071479	0.073490	
0.115156	0.103431	0.087492	0.089864	0.080568	
0.098121	0.091421	0.086095	0.074673	0.073218	
0.083986	0.080725	0.073312	0.065076	0.060697	
0.084353	0.087588	0.072879	0.061208	0.053873	
0.105794	0.091273	0.089491	0.076536	0.071923	
0.096384	0.084545	0.081229	0.081248	0.070276	
0.096334	0.097094	0.087146	0.076763	0.074883	
0.106765	0.099530	0.088679	0.083004	0.081983	
0.099675	0.085218	0.081981	0.080034	0.074158	
0.116599	0.104364	0.096434	0.088092	0.085489	
-0.015411	-0.019836	-0.032614	-0.038021	-0.051537	
-0.015802	-0.032061	-0.039178	-0.050601	-0.062004	
-0.018595	-0.027906	-0.040870	-0.050190	-0.058462	
-0.014277	-0.024591	-0.037834	-0.042614	-0.054064	
-0.023415	-0.029149	-0.042770	-0.046277	-0.056429	
-0.021931	-0.031199	-0.044674	-0.051831	-0.064315	
0.213777	
0.230861	0.213699	0.198141	0.180528	0.183515	
0.215535	0.211644	0.191835	0.176583	0.177980	
0.201025	0.203595	0.189633	0.173826	0.166561	
0.193069	0.201805	0.187357	0.166132	0.154475	
0.193518	0.194596	0.185035	0.160009	0.140306	
0.240798	0.237432	0.201078	0.201840	0.173400	
0.215206	0.200410	0.195380	0.168738	0.155853	
0.211057	0.184379	0.182558	0.164509	0.155871	
0.228359	0.211288	0.194301	0.173841	0.161889	
0.216046	0.199741	0.183565	0.164450	0.150277	
0.215181	0.207080	0.180426	0.162990	0.147077	
0.217842	0.207136	0.193491	0.174313	0.166476	
0.220426	0.192827	0.185809	0.165008	0.143723	
0.226006	0.213308	0.197602	0.177436	0.164362	
0.208845	0.199446	0.182736	0.172142	0.151451	
0.210883	0.209888	0.192179	0.180363	0.169207	
0.216689	0.205765	0.181905	0.166797	0.160028	
-0.034741	-0.066273	-0.082849	-0.104794	-0.122248	
-0.030586	-0.054443	-0.067808	-0.102064	-0.109709	
-0.051848	-0.070211	-0.089677	-0.112886	-0.135773	
-0.057023	-0.077468	-0.094999	-0.121423	-0.140719	
-0.049028	-0.072537	-0.104730	-0.124857	-0.139190	
-0.066331	-0.087205	-0.109030	-0.139937	-0.157361	
0.261044	
0.274867	0.262614	0.237583	0.216343	0.219347	
0.259245	0.253763	0.235428	0.210366	0.209007	
0.248911	0.247044	0.228187	0.201642	0.201324	
0.238782	0.243066	0.226031	0.200592	0.187734	
0.232337	0.235388	0.225565	0.191995	0.162733	
0.265128	0.265526	0.241196	0.213341	0.203689	
0.258991	0.255903	0.239766	0.217909	0.212216	
0.245594	0.249594	0.226392	0.212306	0.187684	
0.265214	0.250814	0.231757	0.210556	0.194274	
0.261390	0.256924	0.231978	0.226322	0.207746	
0.269818	0.271151	0.236135	0.218393	0.214794	
0.243025	0.230084	0.214900	0.200157	0.179998	
0.261727	0.255181	0.235242	0.219227	0.202469	
0.243515	0.226832	0.218908	0.193609	0.178804	
0.264653	0.242825	0.220596	0.206966	0.192655	
0.264816	0.251291	0.231395	0.206072	0.202972	
0.271368	0.261768	0.245571	0.227505	0.207773	
-0.044641	-0.072591	-0.097504	-0.129587	-0.156191	
-0.033403	-0.062449	-0.090728	-0.119005	-0.144198	
-0.048820	-0.083736	-0.109864	-0.143412	-0.155277	
-0.090056	-0.100869	-0.138085	-0.165335	-0.185437	
-0.077094	-0.100034	-0.121173	-0.167122	-0.182624	
-0.093310	-0.113744	-0.135108	-0.175266	-0.199671	
0.142337	
0.152198	0.142773	0.130596	0.122235	0.123346	
0.144053	0.139096	0.129858	0.121869	0.119935	
0.137599	0.136650	0.124806	0.116320	0.113276	
0.129285	0.133478	0.124947	0.114330	0.104838	
0.126829	0.129576	0.121837	0.107059	0.096141	
0.159341	0.155058	0.143213	0.126991	0.123517	
0.156695	0.132724	0.124284	0.123996	0.118083	
0.140423	0.137383	0.133548	0.118183	0.116675	
0.118604	0.104781	0.089937	0.100091	0.079179	
0.147012	0.140278	0.125493	0.124498	0.117767	
0.136881	0.137998	0.114983	0.113685	0.104745	
0.153911	0.152003	0.131605	0.130043	0.122179	
0.144117	0.137063	0.126834	0.111691	0.110318	
0.138765	0.139837	0.120727	0.105907	0.099931	
0.153674	0.145676	0.134206	0.123276	0.115346	
0.162922	0.142237	0.135564	0.116201	0.110399	
0.142227	0.135571	0.131076	0.127274	0.109948	
-0.035739	-0.036226	-0.055573	-0.074789	-0.082012	
-0.026511	-0.042055	-0.063369	-0.067963	-0.084813	
-0.028265	-0.047202	-0.058716	-0.075845	-0.093787	
-0.040173	-0.058455	-0.066942	-0.084291	-0.096263	
-0.026207	-0.049897	-0.065903	-0.076219	-0.092248	
-0.052240	-0.068421	-0.079378	-0.089950	-0.112614	
0.130097	
0.134988	0.133489	0.120572	0.112207	0.110751	
0.129705	0.123609	0.116592	0.108408	0.110559	
0.126189	0.121145	0.116902	0.106402	0.104371	
0.117145	0.119179	0.114190	0.104788	0.098465	
0.119881	0.119019	0.112935	0.099282	0.088355	
0.130840	0.125474	0.126519	0.111736	0.101502	
0.138775	0.132400	0.109071	0.110396	0.103891	
0.134815	0.128247	0.118972	0.107006	0.106231	
0.126448	0.120736	0.116812	0.105497	0.089189	
0.120817	0.112320	0.099083	0.088120	0.094945	
0.120261	0.118523	0.112049	0.096500	0.091797	
0.117719	0.109580	0.096066	0.091753	0.086217	
0.124613	0.117994	0.115013	0.108471	0.101138	
0.134532	0.129184	0.115380	0.107852	0.098656	
0.153271	0.143676	0.135772	0.128062	0.121156	
0.119905	0.124993	0.101868	0.090160	0.084986	
0.119911	0.103884	0.097243	0.091526	0.080029	
-0.019730	-0.035016	-0.043356	-0.052448	-0.068261	
-0.026686	-0.038555	-0.060634	-0.064852	-0.071421	
-0.022440	-0.043341	-0.056776	-0.064442	-0.077561	
-0.016063	-0.034393	-0.044757	-0.056353	-0.070841	
-0.025229	-0.040381	-0.048949	-0.069356	-0.087518	
-0.037216	-0.046607	-0.060528	-0.079558	-0.085168	
0.097968	
0.101748	0.098969	0.092299	0.084960	0.088269	
0.097354	0.095925	0.090781	0.084719	0.085865	
0.094401	0.092342	0.086844	0.082974	0.081621	
0.090824	0.091228	0.086389	0.080980	0.077571	
0.089807	0.091290	0.085302	0.076418	0.069762	
0.097347	0.101995	0.093876	0.081618	0.074546	
0.098921	0.095239	0.086457	0.079560	0.076327	
0.081773	0.076607	0.067653	0.056595	0.062329	
0.078986	0.082190	0.076727	0.064535	0.053838	
0.097713	0.093629	0.085410	0.082090	0.079209	
0.109933	0.103961	0.101171	0.094791	0.080808	
0.097082	0.086571	0.080066	0.075500	0.071527	
0.096245	0.083191	0.076645	0.070873	0.072483	
0.113188	0.114909	0.100988	0.092560	0.087417	
0.085363	0.079964	0.071173	0.063207	0.066966	
0.085781	0.073474	0.074403	0.059795	0.061840	
0.096271	0.085859	0.078205	0.078862	0.068011	
-0.007466	-0.014606	-0.029195	-0.037166	-0.046607	
-0.010706	-0.027147	-0.026406	-0.038280	-0.044199	
-0.017042	-0.027327	-0.038972	-0.048295	-0.050592	
-0.013231	-0.022339	-0.029501	-0.040022	-0.047473	
-0.013059	-0.024323	-0.035932	-0.041817	-0.051214	
-0.030903	-0.040491	-0.051506	-0.056935	-0.064142	
0.111179	
0.113277	0.110542	0.102036	0.096131	0.096813	
0.112168	0.107355	0.102941	0.094659	0.095395	
0.105875	0.107142	0.098466	0.093204	0.090251	
0.099829	0.102714	0.097999	0.089317	0.084973	
0.101835	0.100748	0.096763	0.085469	0.077186	
0.108570	0.098844	0.093994	0.084429	0.085966	
0.108636	0.095997	0.091429	0.088355	0.088982	
0.108523	0.107712	0.095803	0.087558	0.086216	
0.114526	0.104054	0.099920	0.078676	0.080617	
0.114485	0.103815	0.091481	0.083675	0.077122	
0.102372	0.096295	0.096746	0.083363	0.076113	
0.118243	0.106217	0.102574	0.092946	0.086813	
0.116736	0.112934	0.102822	0.102217	0.093468	
0.118578	0.106786	0.094168	0.089749	0.085497	
0.127612	0.116502	0.101946	0.090526	0.090085	
0.105387	0.087616	0.079802	0.073179	0.061769	
0.102944	0.108500	0.087747	0.085620	0.068420	
-0.016236	-0.034217	-0.046122	-0.048851	-0.062988	
-0.012726	-0.019663	-0.031818	-0.044669	-0.055570	
-0.020388	-0.034187	-0.047242	-0.050541	-0.061483	
-0.020742	-0.036600	-0.039672	-0.053054	-0.062063	
-0.022610	-0.034705	-0.046965	-0.058000	-0.066670	
-0.027419	-0.039036	-0.054367	-0.067485	-0.073250	
0.202602	
0.214006	0.203910	0.183650	0.169281	0.170965	
0.203637	0.202082	0.184375	0.167763	0.169085	
0.195555	0.189833	0.177159	0.158419	0.155382	
0.183389	0.189910	0.174369	0.158140	0.143325	
0.186908	0.185627	0.175114	0.151641	0.129549	
0.200172	0.188364	0.169980	0.151115	0.138068	
0.197369	0.190650	0.159740	0.149815	0.138198	
0.217276	0.192557	0.185034	0.163680	0.153422	
0.195950	0.173506	0.155759	0.137246	0.124057	
0.211976	0.199214	0.181925	0.168289	0.146702	
0.214145	0.201125	0.174874	0.160652	0.162204	
0.224372	0.213199	0.185577	0.177495	0.157794	
0.232793	0.212478	0.179666	0.170957	0.152648	
0.209592	0.201533	0.183978	0.169646	0.148601	
0.204587	0.189743	0.178934	0.154719	0.150620	
0.219107	0.204246	0.184219	0.154232	0.150622	
0.217895	0.215915	0.181138	0.172851	0.154246	
-0.033507	-0.055374	-0.079845	-0.113469	-0.124076	
-0.021948	-0.041337	-0.064456	-0.089153	-0.110788	
-0.035242	-0.049949	-0.082012	-0.100471	-0.125685	
-0.049338	-0.066988	-0.086189	-0.112296	-0.138128	
-0.048764	-0.070284	-0.090706	-0.119263	-0.138238	
-0.087452	-0.102664	-0.126102	-0.150014	-0.163492	
0.097872	
0.100858	0.098841	0.090872	0.086044	0.087805	
0.099887	0.097474	0.091107	0.083570	0.085255	
0.092827	0.094478	0.087212	0.082717	0.081064	
0.088811	0.090985	0.085500	0.079958	0.076063	
0.088491	0.091755	0.085693	0.077460	0.070108	
0.103058	0.098051	0.092314	0.079676	0.077465	
0.110567	0.100438	0.093021	0.080488	0.081338	
0.099169	0.086893	0.080482	0.074849	0.062756	
0.103821	0.092759	0.084763	0.077096	0.074602	
0.106797	0.102423	0.086491	0.078825	0.075105	
0.092838	0.082437	0.087798	0.073978	0.063350	
0.099609	0.092947	0.083805	0.074321	0.066316	
0.107304	0.097419	0.089721	0.083696	0.077277	
0.099957	0.100645	0.073242	0.081389	0.075436	
0.088779	0.083509	0.074550	0.068104	0.059688	
0.096292	0.093711	0.074315	0.070581	0.070590	
0.091825	0.086087	0.078845	0.070404	0.062353	
-0.010188	-0.013877	-0.023082	-0.038832	-0.043483	
-0.019358	-0.027250	-0.035071	-0.043874	-0.052669	
-0.020590	-0.023474	-0.045548	-0.049412	-0.058246	
-0.019543	-0.028071	-0.040964	-0.043427	-0.054087	
-0.018564	-0.024616	-0.037958	-0.048717	-0.054009	
-0.025633	-0.038165	-0.048442	-0.058817	-0.066741	
0.152940	
0.169484	0.158009	0.143070	0.132508	0.134558	
0.154561	0.148317	0.140378	0.130662	0.131077	
0.148629	0.146883	0.138393	0.125130	0.124355	
0.144001	0.143728	0.135741	0.123652	0.113357	
0.144873	0.143026	0.135053	0.114925	0.102482	
0.177771	0.152417	0.140976	0.122787	0.114261	
0.168056	0.161940	0.147503	0.127241	0.121806	
0.163918	0.159203	0.142470	0.129190	0.113958	
0.168271	0.155977	0.137221	0.131433	0.115377	
0.170136	0.169572	0.141643	0.136177	0.122200	
0.169745	0.159256	0.139878	0.112642	0.118211	
0.170344	0.163064	0.147119	0.121851	0.113728	
0.166944	0.161019	0.140861	0.115553	0.106242	
0.153166	0.146681	0.129876	0.110438	0.099049	
0.162537	0.158196	0.145178	0.130231	0.113858	
0.174916	0.159866	0.145307	0.126588	0.121435	
0.173547	0.144906	0.131488	0.121622	0.114185	
-0.037980	-0.067198	-0.075817	-0.098228	-0.115089	
-0.036489	-0.049446	-0.060870	-0.079794	-0.099898	
-0.035606	-0.047020	-0.077909	-0.082341	-0.104159	
-0.036636	-0.054759	-0.068272	-0.087805	-0.099407	
-0.034214	-0.055461	-0.069108	-0.088250	-0.100621	
-0.056265	-0.067322	-0.084145	-0.105132	-0.126591	
0.210422	
0.232442	0.215143	0.193140	0.180226	0.185133	
0.215878	0.209096	0.191962	0.179659	0.180017	
0.208103	0.207187	0.189048	0.171156	0.168663	
0.193347	0.199124	0.190568	0.168410	0.158129	
0.198746	0.200218	0.183606	0.161072	0.135287	
0.200097	0.199372	0.166698	0.149679	0.144008	
0.216817	0.207166	0.191334	0.169421	0.156391	
0.213323	0.199904	0.176238	0.159650	0.149487	
0.239019	0.227010	0.196390	0.177533	0.167380	
0.229355	0.218709	0.200316	0.172091	0.161570	
0.234386	0.209845	0.185433	0.168173	0.163390	
0.210111	0.197271	0.173071	0.161953	0.147053	
0.214615	0.203211	0.177084	0.164250	0.146407	
0.213677	0.190869	0.179160	0.157554	0.149976	
0.234776	0.218235	0.201529	0.188101	0.165517	
0.241958	0.236171	0.203434	0.182190	0.164753	
0.248358	0.232298	0.202615	0.191247	0.172803	
-0.044246	-0.071654	-0.098080	-0.113365	-0.133577	
-0.028362	-0.049567	-0.071780	-0.094183	-0.117960	
-0.050197	-0.059946	-0.091752	-0.123665	-0.136279	
-0.045166	-0.071256	-0.092102	-0.108684	-0.138015	
-0.060811	-0.066159	-0.103807	-0.121226	-0.152710	
-0.072927	-0.093888	-0.118813	-0.143994	-0.171838	
0.139484	
0.152381	0.143712	0.132208	0.122329	0.125292	
0.146813	0.139335	0.129937	0.121517	0.120536	
0.136455	0.134168	0.128534	0.115708	0.116540	
0.133350	0.132207	0.128327	0.111030	0.105978	
0.131879	0.129890	0.123616	0.106198	0.094355	
0.137526	0.134116	0.126988	0.108821	0.103833	
0.149860	0.129300	0.123315	0.107688	0.101558	
0.153738	0.142334	0.127884	0.116672	0.102109	
0.135750	0.124760	0.110906	0.105415	0.087856	
0.160411	0.140064	0.126560	0.119456	0.116788	
0.143923	0.135008	0.126858	0.115256	0.109419	
0.147586	0.129124	0.129707	0.111820	0.101742	
0.160414	0.146613	0.133310	0.113006	0.112470	
0.135003	0.129962	0.117108	0.108821	0.097390	
0.157579	0.138823	0.122368	0.117005	0.104055	
0.145240	0.147663	0.130623	0.119547	0.109610	
0.150787	0.130737	0.121695	0.118938	0.104222	
-0.018589	-0.037668	-0.050880	-0.063640	-0.077792	
-0.034555	-0.044286	-0.055789	-0.071979	-0.084558	
-0.031807	-0.044124	-0.059986	-0.072587	-0.089991	
-0.028843	-0.050350	-0.060504	-0.078201	-0.090463	
-0.029702	-0.048963	-0.066243	-0.077697	-0.094343	
-0.036180	-0.051101	-0.068161	-0.086444	-0.103510	
0.127223	
0.136817	0.129458	0.119111	0.112895	0.115636	
0.132551	0.126305	0.117913	0.110605	0.110483	
0.120630	0.121229	0.116100	0.108067	0.104644	
0.117758	0.120542	0.112964	0.105868	0.096751	
0.119685	0.118352	0.112612	0.103061	0.088393	
0.130130	0.120875	0.113274	0.107466	0.090304	
0.121298	0.116642	0.111362	0.094941	0.084884	
0.123265	0.108958	0.102987	0.093344	0.086232	
0.149537	0.154139	0.121139	0.117569	0.108466	
0.125321	0.121332	0.107363	0.101992	0.086803	
0.132192	0.116082	0.116704	0.097504	0.097862	
0.123487	0.113720	0.108890	0.103133	0.095890	
0.125542	0.108015	0.097356	0.096027	0.085753	
0.146023	0.135461	0.115209	0.102195	0.103177	
0.137347	0.133386	0.125925	0.111952	0.106989	
0.146328	0.129230	0.116149	0.114333	0.097071	
0.150388	0.136706	0.119148	0.113155	0.101265	
-0.017042	-0.036018	-0.048290	-0.062590	-0.070053	
-0.019200	-0.031370	-0.048098	-0.065195	-0.073190	
-0.030374	-0.043636	-0.054195	-0.067324	-0.079428	
-0.032429	-0.050513	-0.057253	-0.074661	-0.080549	
-0.036205	-0.043881	-0.055616	-0.070157	-0.087029	
-0.034824	-0.050735	-0.059606	-0.076479	-0.082317	
0.174975	
0.211808	0.187851	0.165380	0.146034	0.143690	
0.194545	0.188237	0.163612	0.142431	0.136652	
0.171899	0.169782	0.151731	0.127500	0.122082	
0.160601	0.161614	0.145428	0.125268	0.106503	
0.156599	0.155960	0.142071	0.117243	0.090484	
0.155106	0.150686	0.136737	0.128985	0.104545	
0.162394	0.145794	0.119805	0.117311	0.093501	
0.187907	0.186041	0.164797	0.146289	0.126363	
0.198875	0.191166	0.171697	0.145241	0.135968	
0.227630	0.212044	0.187357	0.160346	0.144767	
0.210615	0.201000	0.166984	0.147314	0.130818	
0.223609	0.197388	0.178413	0.156816	0.145976	
0.232294	0.207621	0.189729	0.156854	0.142169	
0.208248	0.193265	0.159272	0.149047	0.135843	
0.229256	0.205326	0.171001	0.148651	0.142515	
0.228111	0.207671	0.180131	0.167247	0.145142	
0.239112	0.209691	0.185706	0.167807	0.153210	
-0.050139	-0.075670	-0.087189	-0.113561	-0.135024	
-0.054189	-0.077253	-0.091496	-0.107192	-0.123628	
-0.052699	-0.073770	-0.099950	-0.122348	-0.129921	
-0.064894	-0.084558	-0.107743	-0.121169	-0.136808	
-0.079858	-0.101890	-0.117385	-0.145131	-0.155571	
-0.096776	-0.111216	-0.139634	-0.149006	-0.177528	
0.104722	
0.113439	0.102841	0.093387	0.084928	0.086129	
0.108098	0.103532	0.091441	0.083894	0.083475	
0.101895	0.099679	0.092739	0.080803	0.076571	
0.095243	0.093360	0.090043	0.079573	0.071372	
0.094616	0.094981	0.086143	0.073746	0.060291	
0.118586	0.105026	0.093530	0.088993	0.085857	
0.123787	0.108575	0.109438	0.101844	0.087991	
0.105199	0.098943	0.098616	0.089791	0.084185	
0.107717	0.099148	0.088893	0.088282	0.081843	
0.107998	0.101624	0.097505	0.082820	0.075503	
0.103940	0.100823	0.099796	0.085061	0.086945	
0.104002	0.093627	0.085539	0.075484	0.073488	
0.103450	0.087041	0.088388	0.071581	0.074895	
0.105085	0.100619	0.084110	0.083980	0.078149	
0.109168	0.101917	0.089271	0.077799	0.078488	
0.106789	0.099516	0.102356	0.089190	0.086827	
0.108727	0.094297	0.093098	0.080203	0.081310	
-0.023657	-0.037162	-0.050890	-0.056816	-0.071985	
-0.027005	-0.035938	-0.042947	-0.053346	-0.067320	
-0.017352	-0.021094	-0.042838	-0.046035	-0.055922	
-0.027922	-0.032508	-0.052588	-0.067922	-0.071983	
-0.035990	-0.048698	-0.057027	-0.075222	-0.079834	
-0.043952	-0.054475	-0.062586	-0.074891	-0.088914	
0.090201	
0.097174	0.092367	0.081098	0.077140	0.076460	
0.090930	0.088193	0.083136	0.074511	0.073427	
0.089913	0.085380	0.080158	0.072215	0.068438	
0.081710	0.083030	0.079101	0.069149	0.064169	
0.081218	0.082230	0.076346	0.067414	0.055429	
0.094902	0.090838	0.082455	0.075213	0.078031	
0.106232	0.093719	0.079443	0.085808	0.073700	
0.093732	0.087442	0.077629	0.073184	0.067150	
0.088504	0.081480	0.077622	0.069398	0.060342	
0.096074	0.087147	0.078524	0.067951	0.068400	
0.100105	0.092802	0.093755	0.081055	0.073889	
0.094670	0.085698	0.079460	0.072747	0.067887	
0.092177	0.087376	0.081535	0.077211	0.062016	
0.108576	0.096312	0.091491	0.082048	0.077631	
0.094289	0.089668	0.083111	0.069261	0.070268	
0.097133	0.085077	0.082665	0.073991	0.066548	
0.095205	0.084265	0.077545	0.077443	0.067578	
-0.024476	-0.031766	-0.043287	-0.052915	-0.061024	
-0.015816	-0.025412	-0.027177	-0.040040	-0.050037	
-0.022225	-0.030087	-0.037024	-0.043169	-0.057793	
-0.025587	-0.029448	-0.039102	-0.049637	-0.058522	
-0.030460	-0.041495	-0.051494	-0.057575	-0.068688	
-0.048477	-0.053093	-0.065470	-0.078107	-0.084509	
